10198
15682
20022
22268
24455
26868
27930
30376
30366
31580
28006
29028
27664
29316
30030
28432
28033
29178
29507
31020
30849
31966
31740
32640
33925
34346
35046
36148
36801
37440
36239
35552
35475
36414
37310
37764
38147
38798
37947
38240
38253
38976
37453
36740
36450
36248
33041
33600
34153
34800
35445
35984
36040
36558
34540
33936
34200
34800
34987
35400
35075
34720
35217
35520
35880
35178
35644
36176
36363
36680
36991
36144
36500
36038
36525
36860
37114
34242
34523
34480
34587
34604
34362
34020
34340
34142
34452
34584
34710
34650
34489
34776
34875
35250
35530
35808
35793
35966
36135
36000
36057
36312
36050
36192
36330
36570
36701
36396
36515
36850
36963
37184
37064
36822
37145
36772
36972
37288
37366
36720
36784
36356
35670
35960
35875
36036
36195
36352
36249
36270
36418
36564
36575
36582
36855
36856
36990
36846
36418
36680
36942
37062
36465
36432
36685
36500
36603
36704
36654
36300
35938
36024
36108
36190
36425
36504
36738
36814
37047
37120
37352
36936
37001
37064
37290
37350
37408
37128
37349
37230
37278
37324
37368
37584
37450
37488
37701
37914
38127
37980
37829
37674
37881
38088
37925
37944
37961
38164
38367
38000
38009
38016
38214
38218
38415
38612
38612
38808
38805
38400
38391
38380
38570
38556
38745
38728
38502
38480
38665
38640
38824
38796
38766
38948
38915
39096
39060
39240
39420
39380
39559
39738
39248
39424
39375
39324
39498
39672
39388
39330
39501
39672
39610
39780
39245
38940
39105
39032
38957
38880
38560
38720
38880
38552
38710
38376
38532
38440
38346
38500
38654
38556
38456
38608
38760
38656
38550
38442
38591
38740
38628
38776
38924
38808
38955
39102
38982
38860
38736
38880
38753
38896
39039
38908
39050
38916
38780
38642
38781
38640
38778
38916
39054
38908
38760
38896
39032
39168
39304
39150
39285
39420
39262
39396
39235
39368
39204
39336
39468
39300
39431
39260
39087
39216
39345
38862
38989
39116
39243
39370
39186
39312
38812
38936
39060
39184
38991
38796
38918
39040
38841
38962
39083
39204
39000
38794
38913
39032
39151
39270
39058
39176
39294
39412
39195
39312
39429
39546
39663
39440
39556
39672
39445
39560
39675
39444
39558
39324
39437
39550
39663
39776
39536
39648
39405
39516
39270
39380
39490
39240
39349
39458
39204
39312
39420
39528
39636
39376
39483
39590
39697
39432
39538
39644
39750
39856
39962
39690
39795
39900
40005
40110
40215
39936
40040
40144
40248
40352
40456
40560
40273
40376
40479
40582
40685
40392
40494
40596
40698
40800
40902
41004
41106
40804
40905
41006
41107
41208
41309
41410
41511
41612
41300
41400
41500
41184
40866
40964
41062
40740
40837
40934
41031
40704
40800
40896
40992
41088
40755
40850
40514
40608
40702
40362
40455
40548
40641
40296
40388
40480
40572
40664
40756
40404
40495
40586
40677
40768
40859
40950
41041
41132
40770
40860
40950
41040
41130
40762
40851
40940
41029
41118
40744
40368
40455
40542
40629
40716
40803
40890
40977
41064
41151
40764
40850
40936
41022
41108
41194
40800
40885
40970
41055
40656
40740
40824
40908
40992
40587
40670
40753
40836
40919
41002
41085
41168
41251
41334
41417
41000
41082
40662
40743
40320
40400
40480
40560
40640
40720
40800
40369
40448
40527
40606
40685
40764
40843
40922
41001
41080
41159
41238
41317
41396
40950
41028
41106
41184
41262
40810
40887
40964
41041
40584
40660
40736
40812
40888
40964
40500
40575
40650
40725
40256
40330
40404
40478
40552
40626
40700
40774
40296
40369
40442
40515
40032
40104
40176
40248
40320
39831
39902
39973
40044
40115
40186
40257
40328
40399
39900
39970
40040
40110
40180
40250
40320
40390
40460
39951
40020
40089
40158
40227
40296
40365
40434
40503
40572
40641
40710
40188
40256
40324
40392
40460
40528
39999
40066
40133
40200
40267
40334
40401
39864
39930
39996
40062
40128
40194
40260
40326
40392
40458
40524
40590
40656
40722
40788
40235
40300
40365
40430
40495
40560
40625
40690
40755
40820
40885
40950
40384
40448
40512
40576
40640
40704
40768
40832
40896
40960
41024
40446
40509
40572
40635
40698
40761
40824
40887
40950
41013
41076
41139
41202
41265
41328
40734
40796
40858
40920
40982
41044
41106
41168
41230
41292
41354
41416
41478
41540
41602
40992
41053
41114
41175
41236
41297
41358
41419
41480
41541
40920
40980
41040
41100
41160
41220
41280
41340
41400
41460
41520
41580
41640
41700
41760
41820
41880
41940
42000
41359
41418
41477
41536
41595
41654
41713
41772
41831
41890
41949
42008
42067
42126
42185
42244
41586
41644
41702
41760
41818
41876
41934
41992
42050
42108
42166
42224
42282
41610
41667
41724
41781
41838
41895
41952
42009
42066
42123
42180
42237
42294
42351
42408
41720
41776
41832
41888
41944
42000
42056
42112
42168
42224
42280
42336
42392
42448
41745
41800
41855
41910
41965
42020
42075
42130
42185
42240
42295
42350
42405
42460
42515
42570
42625
42680
42735
42012
42066
42120
42174
42228
42282
42336
42390
42444
42498
42552
42606
42660
42714
42768
42822
42082
42135
42188
42241
42294
42347
42400
42453
42506
42559
42612
42665
42718
42771
42824
42877
42930
42983
43036
43089
43142
42380
42432
42484
42536
42588
42640
42692
42744
42796
42848
42900
42952
43004
43056
43108
43160
42381
42432
42483
42534
42585
42636
42687
42738
42789
42840
42891
42942
42993
43044
42250
42300
42350
42400
42450
42500
42550
42600
42650
42700
42750
42800
42850
42900
42950
43000
43050
43100
42287
42336
42385
42434
42483
42532
42581
42630
42679
42728
42777
42826
42875
42924
42973
43022
43071
42240
42288
42336
42384
42432
42480
42528
42576
42624
42672
42720
42768
42816
42864
42912
42960
43008
43056
43104
42253
42300
42347
42394
42441
42488
42535
42582
42629
42676
42723
42770
42817
42864
42911
42958
42090
42136
42182
42228
42274
42320
42366
42412
42458
42504
42550
42596
42642
42688
42734
42780
42826
42872
42918
42964
43010
43056
43102
42210
42255
42300
42345
42390
42435
42480
42525
42570
42615
42660
42705
42750
42795
42840
42885
42930
42975
43020
43065
43110
42196
42240
42284
42328
42372
42416
42460
42504
42548
42592
42636
42680
42724
42768
42812
42856
42900
42944
42988
43032
43076
43120
43164
43208
43252
43296
43340
43384
43428
42484
42527
42570
42613
42656
42699
42742
42785
42828
42871
42914
42957
43000
43043
43086
43129
43172
43215
43258
43301
43344
43387
42420
42462
42504
42546
42588
42630
42672
42714
42756
42798
42840
42882
42924
42966
43008
43050
43092
43134
43176
43218
42230
42271
42312
42353
42394
42435
42476
42517
42558
42599
42640
42681
42722
42763
42804
42845
41840
41880
41920
41960
42000
42040
42080
42120
42160
42200
42240
42280
42320
42360
42400
42440
42480
42520
42560
42600
42640
42680
42720
41691
41730
41769
41808
41847
41886
41925
41964
42003
42042
42081
42120
42159
42198
42237
42276
42315
42354
42393
42432
42471
42510
42549
42588
42627
42666
42705
42744
42783
41724
41762
41800
41838
41876
41914
41952
41990
42028
42066
42104
42142
42180
42218
42256
41181
41218
41255
41292
41329
41366
41403
41440
41477
41514
41551
41588
41625
41662
41699
41736
41773
41810
41847
41884
41921
41958
41995
42032
42069
42106
42143
42180
41076
41112
41148
41184
41220
41256
41292
41328
41364
41400
41436
41472
41508
41544
41580
41616
41652
41688
41724
41760
41796
41832
41868
41904
41940
41976
42012
42048
42084
42120
40985
41020
41055
41090
41125
41160
41195
41230
41265
41300
41335
41370
41405
41440
41475
41510
41545
41580
41615
41650
41685
41720
41755
41790
41825
41860
41895
40732
40766
40800
40834
40868
40902
40936
40970
41004
41038
41072
41106
41140
41174
41208
41242
41276
41310
41344
41378
41412
41446
41480
41514
41548
41582
41616
41650
41684
41718
41752
41786
41820
40623
40656
40689
40722
40755
40788
40821
40854
40887
40920
40953
40986
41019
41052
41085
41118
41151
41184
41217
41250
41283
41316
41349
41382
41415
41448
41481
41514
41547
40320
40352
40384
40416
40448
40480
40512
40544
40576
40608
40640
40672
40704
40736
40768
40800
40832
40864
40896
40928
40960
40992
41024
41056
41088
41120
41152
41184
41216
41248
41280
41312
41344
41376
41408
41440
41472
41504
41536
41568
41600
41632
41664
41696
40424
40455
40486
40517
40548
40579
40610
40641
40672
40703
40734
40765
40796
40827
40858
40889
40920
40951
40982
41013
41044
41075
41106
41137
41168
41199
41230
41261
41292
41323
41354
41385
41416
41447
41478
41509
41540
41571
40260
40290
40320
40350
40380
40410
40440
40470
40500
40530
40560
40590
40620
40650
40680
40710
40740
40770
40800
40830
40860
40890
40920
40950
40980
41010
41040
41070
41100
41130
41160
41190
41220
41250
41280
41310
41340
39991
40020
40049
40078
40107
40136
40165
40194
40223
40252
40281
40310
40339
40368
40397
40426
40455
40484
40513
40542
40571
40600
40629
40658
40687
40716
40745
40774
40803
40832
40861
40890
40919
40948
40977
41006
41035
41064
41093
41122
41151
41180
41209
41238
41267
41296
41325
41354
41383
41412
41441
40040
40068
40096
40124
40152
40180
40208
40236
40264
40292
40320
40348
40376
40404
40432
40460
40488
40516
40544
40572
40600
40628
40656
40684
40712
40740
40768
40796
40824
40852
40880
40908
40936
40964
40992
41020
41048
41076
41104
41132
41160
39717
39744
39771
39798
39825
39852
39879
39906
39933
39960
39987
40014
40041
40068
40095
40122
40149
40176
40203
40230
40257
40284
40311
40338
40365
40392
40419
40446
40473
40500
40527
40554
40581
40608
40635
40662
40689
40716
40743
40770
40797
40824
40851
40878
40905
40932
40959
40986
41013
41040
41067
41094
39598
39624
39650
39676
39702
39728
39754
39780
39806
39832
39858
39884
39910
39936
39962
39988
40014
40040
40066
40092
40118
40144
40170
40196
40222
40248
40274
40300
40326
40352
40378
40404
40430
40456
40482
40508
40534
40560
40586
40612
40638
40664
40690
40716
39175
39200
39225
39250
39275
39300
39325
39350
39375
39400
39425
39450
39475
39500
39525
39550
39575
39600
39625
39650
39675
39700
39725
39750
39775
39800
39825
39850
39875
39900
39925
39950
39975
40000
40025
40050
40075
40100
40125
40150
40175
40200
40225
40250
40275
40300
40325
40350
40375
40400
40425
40450
40475
40500
40525
40550
40575
38976
39000
39024
39048
39072
39096
39120
39144
39168
39192
39216
39240
39264
39288
39312
39336
39360
39384
39408
39432
39456
39480
39504
39528
39552
39576
39600
39624
39648
39672
39696
39720
39744
39768
39792
39816
39840
39864
39888
39912
39936
39960
39984
40008
40032
40056
40080
40104
40128
40152
40176
40200
40224
40248
40272
40296
40320
40344
40368
40392
40416
40440
40464
40488
40512
40536
40560
38893
38916
38939
38962
38985
39008
39031
39054
39077
39100
39123
39146
39169
39192
39215
39238
39261
39284
39307
39330
39353
39376
39399
39422
39445
39468
39491
39514
39537
39560
39583
39606
39629
39652
39675
39698
39721
39744
39767
39790
39813
39836
39859
39882
39905
39928
39951
39974
39997
40020
40043
40066
40089
40112
40135
40158
40181
40204
40227
40250
40273
40296
40319
40342
40365
40388
40411
40434
40457
40480
40503
40526
40549
38808
38830
38852
38874
38896
38918
38940
38962
38984
39006
39028
39050
39072
39094
39116
39138
39160
39182
39204
39226
39248
39270
39292
39314
39336
39358
39380
39402
39424
39446
39468
39490
39512
39534
39556
39578
39600
39622
39644
39666
39688
39710
39732
39754
39776
39798
39820
39842
39864
39886
39908
39930
39952
39974
39996
40018
40040
40062
40084
40106
40128
40150
40172
40194
40216
40238
40260
40282
40304
40326
40348
38535
38556
38577
38598
38619
38640
38661
38682
38703
38724
38745
38766
38787
38808
38829
38850
38871
38892
38913
38934
38955
38976
38997
39018
39039
39060
39081
39102
39123
39144
39165
39186
39207
39228
39249
39270
39291
39312
39333
39354
39375
39396
39417
39438
39459
39480
39501
39522
39543
39564
39585
39606
39627
39648
39669
39690
39711
39732
39753
39774
39795
39816
39837
39858
39879
39900
39921
39942
39963
39984
40005
40026
40047
40068
40089
40110
40131
40152
40173
40194
40215
40236
40257
40278
40299
38400
38420
38440
38460
38480
38500
38520
38540
38560
38580
38600
38620
38640
38660
38680
38700
38720
38740
38760
38780
38800
38820
38840
38860
38880
38900
38920
38940
38960
38980
39000
39020
39040
39060
39080
39100
39120
39140
39160
39180
39200
39220
39240
39260
39280
39300
39320
39340
39360
39380
39400
39420
39440
39460
39480
39500
39520
39540
39560
39580
39600
39620
39640
39660
39680
39700
39720
39740
39760
39780
39800
39820
39840
39860
39880
39900
39920
39940
39960
37981
38000
38019
38038
38057
38076
38095
38114
38133
38152
38171
38190
38209
38228
38247
38266
38285
38304
38323
38342
38361
38380
38399
38418
38437
38456
38475
38494
38513
38532
38551
38570
38589
38608
38627
38646
38665
38684
38703
38722
38741
38760
38779
38798
38817
38836
38855
38874
38893
38912
38931
38950
38969
38988
39007
39026
39045
39064
39083
39102
39121
39140
39159
39178
39197
39216
39235
39254
39273
39292
39311
39330
39349
39368
39387
39406
39425
39444
39463
39482
39501
39520
39539
39558
39577
39596
39615
39634
39653
39672
39691
39710
39729
37656
37674
37692
37710
37728
37746
37764
37782
37800
37818
37836
37854
37872
37890
37908
37926
37944
37962
37980
37998
38016
38034
38052
38070
38088
38106
38124
38142
38160
38178
38196
38214
38232
38250
38268
38286
38304
38322
38340
38358
38376
38394
38412
38430
38448
38466
38484
38502
38520
38538
38556
38574
38592
38610
38628
38646
38664
38682
38700
38718
38736
38754
38772
38790
38808
38826
38844
38862
38880
38898
38916
38934
38952
38970
38988
39006
39024
39042
39060
39078
39096
39114
39132
39150
39168
39186
39204
39222
39240
39258
39276
39294
39312
39330
37162
37179
37196
37213
37230
37247
37264
37281
37298
37315
37332
37349
37366
37383
37400
37417
37434
37451
37468
37485
37502
37519
37536
37553
37570
37587
37604
37621
37638
37655
37672
37689
37706
37723
37740
37757
37774
37791
37808
37825
37842
37859
37876
37893
37910
37927
37944
37961
37978
37995
38012
38029
38046
38063
38080
38097
38114
38131
38148
38165
38182
38199
38216
38233
38250
38267
38284
38301
38318
38335
38352
38369
38386
38403
38420
38437
38454
38471
38488
38505
38522
38539
38556
38573
38590
38607
38624
38641
38658
38675
38692
38709
38726
38743
38760
38777
38794
38811
38828
38845
38862
38879
38896
38913
38930
38947
38964
38981
38998
39015
39032
36752
36768
36784
36800
36816
36832
36848
36864
36880
36896
36912
36928
36944
36960
36976
36992
37008
37024
37040
37056
37072
37088
37104
37120
37136
37152
37168
37184
37200
37216
37232
37248
37264
37280
37296
37312
37328
37344
37360
37376
37392
37408
37424
37440
37456
37472
37488
37504
37520
37536
37552
37568
37584
37600
37616
37632
37648
37664
37680
37696
37712
37728
37744
37760
37776
37792
37808
37824
37840
37856
37872
37888
37904
37920
37936
37952
37968
37984
38000
38016
38032
38048
38064
38080
38096
38112
38128
38144
38160
38176
38192
38208
38224
38240
38256
38272
38288
38304
38320
38336
38352
38368
38384
38400
38416
38432
38448
38464
38480
38496
38512
38528
38544
38560
38576
38592
38608
38624
38640
38656
38672
38688
38704
38720
38736
38752
38768
38784
36375
36390
36405
36420
36435
36450
36465
36480
36495
36510
36525
36540
36555
36570
36585
36600
36615
36630
36645
36660
36675
36690
36705
36720
36735
36750
36765
36780
36795
36810
36825
36840
36855
36870
36885
36900
36915
36930
36945
36960
36975
36990
37005
37020
37035
37050
37065
37080
37095
37110
37125
37140
37155
37170
37185
37200
37215
37230
37245
37260
37275
37290
37305
37320
37335
37350
37365
37380
37395
37410
37425
37440
37455
37470
37485
37500
37515
37530
37545
37560
37575
37590
37605
37620
37635
37650
37665
37680
37695
37710
37725
37740
37755
37770
37785
37800
37815
37830
37845
37860
37875
37890
37905
37920
37935
37950
37965
37980
37995
38010
38025
38040
38055
38070
38085
38100
38115
38130
38145
38160
38175
38190
38205
38220
38235
38250
38265
38280
38295
38310
38325
38340
38355
38370
38385
38400
38415
38430
38445
38460
38475
38490
38505
38520
38535
35980
35994
36008
36022
36036
36050
36064
36078
36092
36106
36120
36134
36148
36162
36176
36190
36204
36218
36232
36246
36260
36274
36288
36302
36316
36330
36344
36358
36372
36386
36400
36414
36428
36442
36456
36470
36484
36498
36512
36526
36540
36554
36568
36582
36596
36610
36624
36638
36652
36666
36680
36694
36708
36722
36736
36750
36764
36778
36792
36806
36820
36834
36848
36862
36876
36890
36904
36918
36932
36946
36960
36974
36988
37002
37016
37030
37044
37058
37072
37086
37100
37114
37128
37142
37156
37170
37184
37198
37212
37226
37240
37254
37268
37282
37296
37310
37324
37338
37352
37366
37380
37394
37408
37422
37436
37450
37464
37478
37492
37506
37520
37534
37548
37562
37576
37590
37604
37618
37632
34957
34970
34983
34996
35009
35022
35035
35048
35061
35074
35087
35100
35113
35126
35139
35152
35165
35178
35191
35204
35217
35230
35243
35256
35269
35282
35295
35308
35321
35334
35347
35360
35373
35386
35399
35412
35425
35438
35451
35464
35477
35490
35503
35516
35529
35542
35555
35568
35581
35594
35607
35620
35633
35646
35659
35672
35685
35698
35711
35724
35737
35750
35763
35776
35789
35802
35815
35828
35841
35854
35867
35880
35893
35906
35919
35932
35945
35958
35971
35984
35997
36010
36023
36036
36049
36062
36075
36088
36101
36114
36127
36140
36153
36166
36179
36192
36205
36218
36231
36244
36257
36270
36283
36296
36309
36322
36335
36348
36361
36374
36387
36400
36413
36426
36439
36452
36465
36478
36491
36504
36517
36530
36543
36556
36569
36582
36595
36608
36621
36634
36647
36660
36673
36686
36699
36712
36725
36738
36751
36764
36777
36790
36803
36816
36829
36842
36855
36868
36881
36894
36907
36920
36933
36946
36959
36972
36985
36998
37011
37024
37037
37050
37063
37076
37089
37102
37115
34272
34284
34296
34308
34320
34332
34344
34356
34368
34380
34392
34404
34416
34428
34440
34452
34464
34476
34488
34500
34512
34524
34536
34548
34560
34572
34584
34596
34608
34620
34632
34644
34656
34668
34680
34692
34704
34716
34728
34740
34752
34764
34776
34788
34800
34812
34824
34836
34848
34860
34872
34884
34896
34908
34920
34932
34944
34956
34968
34980
34992
35004
35016
35028
35040
35052
35064
35076
35088
35100
35112
35124
35136
35148
35160
35172
35184
35196
35208
35220
35232
35244
35256
35268
35280
35292
35304
35316
35328
35340
35352
35364
35376
35388
35400
35412
35424
35436
35448
35460
35472
35484
35496
35508
35520
35532
35544
35556
35568
35580
35592
35604
35616
35628
35640
35652
35664
35676
35688
35700
35712
35724
35736
35748
35760
35772
35784
35796
35808
35820
35832
35844
35856
35868
35880
35892
35904
35916
35928
35940
35952
35964
35976
35988
36000
36012
36024
36036
36048
36060
36072
36084
36096
36108
36120
36132
36144
36156
36168
36180
36192
36204
36216
36228
36240
36252
36264
36276
36288
36300
36312
36324
36336
36348
36360
36372
36384
36396
33374
33385
33396
33407
33418
33429
33440
33451
33462
33473
33484
33495
33506
33517
33528
33539
33550
33561
33572
33583
33594
33605
33616
33627
33638
33649
33660
33671
33682
33693
33704
33715
33726
33737
33748
33759
33770
33781
33792
33803
33814
33825
33836
33847
33858
33869
33880
33891
33902
33913
33924
33935
33946
33957
33968
33979
33990
34001
34012
34023
34034
34045
34056
34067
34078
34089
34100
34111
34122
34133
34144
34155
34166
34177
34188
34199
34210
34221
34232
34243
34254
34265
34276
34287
34298
34309
34320
34331
34342
34353
34364
34375
34386
34397
34408
34419
34430
34441
34452
34463
34474
34485
34496
34507
34518
34529
34540
34551
34562
34573
34584
34595
34606
34617
34628
34639
34650
34661
34672
34683
34694
34705
34716
34727
34738
34749
34760
34771
34782
34793
34804
34815
34826
34837
34848
34859
34870
34881
34892
34903
34914
34925
34936
34947
34958
34969
34980
34991
35002
35013
35024
35035
35046
35057
35068
35079
35090
35101
35112
35123
35134
35145
35156
35167
35178
35189
35200
35211
35222
35233
35244
35255
35266
35277
35288
35299
35310
35321
35332
35343
35354
35365
35376
35387
35398
35409
35420
35431
35442
35453
35464
35475
35486
35497
35508
35519
35530
35541
35552
35563
35574
35585
35596
35607
35618
35629
35640
35651
35662
35673
35684
35695
35706
35717
35728
35739
35750
35761
35772
35783
35794
35805
35816
35827
35838
35849
35860
35871
35882
35893
35904
35915
35926
35937
35948
35959
35970
35981
35992
36003
36014
36025
36036
32770
32780
32790
32800
32810
32820
32830
32840
32850
32860
32870
32880
32890
32900
32910
32920
32930
32940
32950
32960
32970
32980
32990
33000
33010
33020
33030
33040
33050
33060
33070
33080
33090
33100
33110
33120
33130
33140
33150
33160
33170
33180
33190
33200
33210
33220
33230
33240
33250
33260
33270
33280
33290
33300
33310
33320
33330
33340
33350
33360
33370
33380
33390
33400
33410
33420
33430
33440
33450
33460
33470
33480
33490
33500
33510
33520
33530
33540
33550
33560
33570
33580
33590
33600
33610
33620
33630
33640
33650
33660
33670
33680
33690
33700
33710
33720
33730
33740
33750
33760
33770
33780
33790
33800
33810
33820
33830
33840
33850
33860
33870
33880
33890
33900
33910
33920
33930
33940
33950
33960
33970
33980
33990
34000
34010
34020
34030
34040
34050
34060
34070
34080
34090
34100
34110
34120
34130
34140
34150
34160
34170
34180
34190
34200
34210
34220
34230
34240
34250
34260
34270
34280
34290
34300
34310
34320
34330
34340
34350
34360
34370
34380
34390
34400
34410
34420
34430
34440
34450
34460
34470
34480
34490
34500
34510
34520
34530
34540
34550
34560
34570
34580
34590
34600
34610
34620
34630
34640
34650
34660
34670
34680
34690
34700
34710
34720
34730
34740
34750
34760
34770
34780
34790
34800
34810
34820
34830
34840
34850
34860
34870
34880
34890
34900
34910
34920
34930
34940
34950
34960
34970
34980
34990
35000
35010
35020
35030
35040
35050
35060
35070
35080
35090
35100
35110
35120
35130
35140
35150
35160
35170
35180
35190
35200
35210
35220
35230
35240
35250
35260
35270
35280
35290
31770
31779
31788
31797
31806
31815
31824
31833
31842
31851
31860
31869
31878
31887
31896
31905
31914
31923
31932
31941
31950
31959
31968
31977
31986
31995
32004
32013
32022
32031
32040
32049
32058
32067
32076
32085
32094
32103
32112
32121
32130
32139
32148
32157
32166
32175
32184
32193
32202
32211
32220
32229
32238
32247
32256
32265
32274
32283
32292
32301
32310
32319
32328
32337
32346
32355
32364
32373
32382
32391
32400
32409
32418
32427
32436
32445
32454
32463
32472
32481
32490
32499
32508
32517
32526
32535
32544
32553
32562
32571
32580
32589
32598
32607
32616
32625
32634
32643
32652
32661
32670
32679
32688
32697
32706
32715
32724
32733
32742
32751
32760
32769
32778
32787
32796
32805
32814
32823
32832
32841
32850
32859
32868
32877
32886
32895
32904
32913
32922
32931
32940
32949
32958
32967
32976
32985
32994
33003
33012
33021
33030
33039
33048
33057
33066
33075
33084
33093
33102
33111
33120
33129
33138
33147
33156
33165
33174
33183
33192
33201
33210
33219
33228
33237
33246
33255
33264
33273
33282
33291
33300
33309
33318
33327
33336
33345
33354
33363
33372
33381
33390
33399
33408
33417
33426
33435
33444
33453
33462
33471
33480
33489
33498
33507
33516
33525
33534
33543
33552
33561
33570
33579
33588
33597
33606
33615
33624
33633
33642
33651
33660
33669
33678
33687
33696
33705
33714
33723
33732
33741
33750
33759
33768
33777
33786
33795
33804
33813
33822
33831
33840
33849
33858
33867
33876
33885
33894
33903
33912
33921
33930
33939
33948
33957
33966
33975
33984
33993
34002
34011
34020
34029
34038
34047
34056
34065
34074
34083
34092
34101
34110
34119
34128
34137
34146
34155
34164
34173
34182
34191
34200
34209
34218
34227
34236
34245
34254
34263
34272
34281
34290
34299
34308
30504
30512
30520
30528
30536
30544
30552
30560
30568
30576
30584
30592
30600
30608
30616
30624
30632
30640
30648
30656
30664
30672
30680
30688
30696
30704
30712
30720
30728
30736
30744
30752
30760
30768
30776
30784
30792
30800
30808
30816
30824
30832
30840
30848
30856
30864
30872
30880
30888
30896
30904
30912
30920
30928
30936
30944
30952
30960
30968
30976
30984
30992
31000
31008
31016
31024
31032
31040
31048
31056
31064
31072
31080
31088
31096
31104
31112
31120
31128
31136
31144
31152
31160
31168
31176
31184
31192
31200
31208
31216
31224
31232
31240
31248
31256
31264
31272
31280
31288
31296
31304
31312
31320
31328
31336
31344
31352
31360
31368
31376
31384
31392
31400
31408
31416
31424
31432
31440
31448
31456
31464
31472
31480
31488
31496
31504
31512
31520
31528
31536
31544
31552
31560
31568
31576
31584
31592
31600
31608
31616
31624
31632
31640
31648
31656
31664
31672
31680
31688
31696
31704
31712
31720
31728
31736
31744
31752
31760
31768
31776
31784
31792
31800
31808
31816
31824
31832
31840
31848
31856
31864
31872
31880
31888
31896
31904
31912
31920
31928
31936
31944
31952
31960
31968
31976
31984
31992
32000
32008
32016
32024
32032
32040
32048
32056
32064
32072
32080
32088
32096
32104
32112
32120
32128
32136
32144
32152
32160
32168
32176
32184
32192
32200
32208
32216
32224
32232
32240
32248
32256
32264
32272
32280
32288
32296
32304
32312
32320
32328
32336
32344
32352
32360
32368
32376
32384
32392
32400
32408
32416
32424
32432
32440
32448
32456
32464
32472
32480
32488
32496
32504
32512
32520
32528
32536
32544
32552
32560
32568
32576
32584
32592
32600
32608
32616
32624
32632
32640
32648
32656
32664
32672
32680
32688
32696
32704
32712
32720
32728
32736
32744
32752
32760
32768
32776
32784
32792
32800
32808
32816
32824
32832
32840
32848
32856
32864
32872
32880
32888
32896
32904
32912
32920
32928
32936
32944
32952
32960
32968
32976
32984
32992
33000
33008
33016
33024
33032
33040
33048
33056
33064
33072
33080
33088
33096
33104
33112
33120
33128
28994
29001
29008
29015
29022
29029
29036
29043
29050
29057
29064
29071
29078
29085
29092
29099
29106
29113
29120
29127
29134
29141
29148
29155
29162
29169
29176
29183
29190
29197
29204
29211
29218
29225
29232
29239
29246
29253
29260
29267
29274
29281
29288
29295
29302
29309
29316
29323
29330
29337
29344
29351
29358
29365
29372
29379
29386
29393
29400
29407
29414
29421
29428
29435
29442
29449
29456
29463
29470
29477
29484
29491
29498
29505
29512
29519
29526
29533
29540
29547
29554
29561
29568
29575
29582
29589
29596
29603
29610
29617
29624
29631
29638
29645
29652
29659
29666
29673
29680
29687
29694
29701
29708
29715
29722
29729
29736
29743
29750
29757
29764
29771
29778
29785
29792
29799
29806
29813
29820
29827
29834
29841
29848
29855
29862
29869
29876
29883
29890
29897
29904
29911
29918
29925
29932
29939
29946
29953
29960
29967
29974
29981
29988
29995
30002
30009
30016
30023
30030
30037
30044
30051
30058
30065
30072
30079
30086
30093
30100
30107
30114
30121
30128
30135
30142
30149
30156
30163
30170
30177
30184
30191
30198
30205
30212
30219
30226
30233
30240
30247
30254
30261
30268
30275
30282
30289
30296
30303
30310
30317
30324
30331
30338
30345
30352
30359
30366
30373
30380
30387
30394
30401
30408
30415
30422
30429
30436
30443
30450
30457
30464
30471
30478
30485
30492
30499
30506
30513
30520
30527
30534
30541
30548
30555
30562
30569
30576
30583
30590
30597
30604
30611
30618
30625
30632
30639
30646
30653
30660
30667
30674
30681
30688
30695
30702
30709
30716
30723
30730
30737
30744
30751
30758
30765
30772
30779
30786
30793
30800
30807
30814
30821
30828
30835
30842
30849
30856
30863
30870
30877
30884
30891
30898
30905
30912
30919
30926
30933
30940
30947
30954
30961
30968
30975
30982
30989
30996
31003
31010
31017
31024
31031
31038
31045
31052
31059
31066
31073
31080
31087
31094
31101
31108
31115
31122
31129
31136
31143
31150
31157
31164
31171
31178
31185
31192
31199
31206
31213
31220
31227
31234
31241
31248
31255
31262
31269
31276
31283
31290
31297
31304
31311
31318
31325
31332
31339
31346
31353
31360
31367
31374
31381
31388
31395
31402
31409
31416
31423
31430
31437
31444
31451
31458
31465
31472
31479
31486
31493
31500
31507
31514
31521
31528
31535
31542
31549
31556
31563
31570
31577
31584
31591
31598
31605
31612
31619
31626
31633
31640
31647
31654
31661
31668
31675
31682
31689
31696
31703
31710
31717
31724
31731
31738
31745
31752
31759
31766
31773
31780
31787
31794
31801
31808
31815
31822
31829
31836
31843
31850
31857
31864
31871
31878
31885
31892
31899
31906
31913
31920
31927
31934
31941
31948
31955
31962
31969
31976
31983
31990
31997
32004
32011
32018
32025
32032
32039
32046
32053
32060
32067
32074
32081
32088
32095
32102
32109
32116
32123
32130
32137
32144
27558
27564
27570
27576
27582
27588
27594
27600
27606
27612
27618
27624
27630
27636
27642
27648
27654
27660
27666
27672
27678
27684
27690
27696
27702
27708
27714
27720
27726
27732
27738
27744
27750
27756
27762
27768
27774
27780
27786
27792
27798
27804
27810
27816
27822
27828
27834
27840
27846
27852
27858
27864
27870
27876
27882
27888
27894
27900
27906
27912
27918
27924
27930
27936
27942
27948
27954
27960
27966
27972
27978
27984
27990
27996
28002
28008
28014
28020
28026
28032
28038
28044
28050
28056
28062
28068
28074
28080
28086
28092
28098
28104
28110
28116
28122
28128
28134
28140
28146
28152
28158
28164
28170
28176
28182
28188
28194
28200
28206
28212
28218
28224
28230
28236
28242
28248
28254
28260
28266
28272
28278
28284
28290
28296
28302
28308
28314
28320
28326
28332
28338
28344
28350
28356
28362
28368
28374
28380
28386
28392
28398
28404
28410
28416
28422
28428
28434
28440
28446
28452
28458
28464
28470
28476
28482
28488
28494
28500
28506
28512
28518
28524
28530
28536
28542
28548
28554
28560
28566
28572
28578
28584
28590
28596
28602
28608
28614
28620
28626
28632
28638
28644
28650
28656
28662
28668
28674
28680
28686
28692
28698
28704
28710
28716
28722
28728
28734
28740
28746
28752
28758
28764
28770
28776
28782
28788
28794
28800
28806
28812
28818
28824
28830
28836
28842
28848
28854
28860
28866
28872
28878
28884
28890
28896
28902
28908
28914
28920
28926
28932
28938
28944
28950
28956
28962
28968
28974
28980
28986
28992
28998
29004
29010
29016
29022
29028
29034
29040
29046
29052
29058
29064
29070
29076
29082
29088
29094
29100
29106
29112
29118
29124
29130
29136
29142
29148
29154
29160
29166
29172
29178
29184
29190
29196
29202
29208
29214
29220
29226
29232
29238
29244
29250
29256
29262
29268
29274
29280
29286
29292
29298
29304
29310
29316
29322
29328
29334
29340
29346
29352
29358
29364
29370
29376
29382
29388
29394
29400
29406
29412
29418
29424
29430
29436
29442
29448
29454
29460
29466
29472
29478
29484
29490
29496
29502
29508
29514
29520
29526
29532
29538
29544
29550
29556
29562
29568
29574
29580
29586
29592
29598
29604
29610
29616
29622
29628
29634
29640
29646
29652
29658
29664
29670
29676
29682
29688
29694
29700
29706
29712
29718
29724
29730
29736
29742
29748
29754
29760
29766
29772
29778
29784
29790
29796
29802
29808
29814
29820
29826
29832
29838
29844
29850
29856
29862
29868
29874
29880
29886
29892
29898
29904
29910
29916
29922
29928
29934
29940
29946
29952
29958
29964
29970
29976
29982
29988
29994
30000
30006
30012
30018
30024
30030
30036
30042
30048
30054
30060
30066
30072
30078
30084
30090
30096
30102
30108
30114
30120
30126
30132
30138
30144
30150
30156
30162
30168
30174
30180
30186
30192
30198
30204
30210
30216
30222
30228
30234
30240
30246
30252
30258
30264
30270
30276
30282
30288
30294
30300
30306
30312
30318
30324
30330
30336
30342
30348
30354
30360
30366
30372
30378
30384
30390
30396
30402
30408
30414
30420
30426
30432
30438
30444
30450
30456
30462
30468
30474
30480
30486
30492
30498
30504
30510
30516
30522
30528
30534
30540
30546
30552
30558
30564
30570
30576
30582
30588
30594
30600
30606
30612
30618
30624
30630
30636
30642
30648
30654
30660
30666
30672
30678
30684
30690
30696
30702
30708
30714
30720
30726
30732
30738
30744
30750
30756
30762
30768
30774
30780
30786
30792
30798
30804
30810
30816
30822
30828
30834
30840
30846
30852
30858
30864
30870
30876
30882
30888
30894
30900
30906
30912
30918
30924
30930
30936
30942
30948
30954
30960
30966
30972
30978
25820
25825
25830
25835
25840
25845
25850
25855
25860
25865
25870
25875
25880
25885
25890
25895
25900
25905
25910
25915
25920
25925
25930
25935
25940
25945
25950
25955
25960
25965
25970
25975
25980
25985
25990
25995
26000
26005
26010
26015
26020
26025
26030
26035
26040
26045
26050
26055
26060
26065
26070
26075
26080
26085
26090
26095
26100
26105
26110
26115
26120
26125
26130
26135
26140
26145
26150
26155
26160
26165
26170
26175
26180
26185
26190
26195
26200
26205
26210
26215
26220
26225
26230
26235
26240
26245
26250
26255
26260
26265
26270
26275
26280
26285
26290
26295
26300
26305
26310
26315
26320
26325
26330
26335
26340
26345
26350
26355
26360
26365
26370
26375
26380
26385
26390
26395
26400
26405
26410
26415
26420
26425
26430
26435
26440
26445
26450
26455
26460
26465
26470
26475
26480
26485
26490
26495
26500
26505
26510
26515
26520
26525
26530
26535
26540
26545
26550
26555
26560
26565
26570
26575
26580
26585
26590
26595
26600
26605
26610
26615
26620
26625
26630
26635
26640
26645
26650
26655
26660
26665
26670
26675
26680
26685
26690
26695
26700
26705
26710
26715
26720
26725
26730
26735
26740
26745
26750
26755
26760
26765
26770
26775
26780
26785
26790
26795
26800
26805
26810
26815
26820
26825
26830
26835
26840
26845
26850
26855
26860
26865
26870
26875
26880
26885
26890
26895
26900
26905
26910
26915
26920
26925
26930
26935
26940
26945
26950
26955
26960
26965
26970
26975
26980
26985
26990
26995
27000
27005
27010
27015
27020
27025
27030
27035
27040
27045
27050
27055
27060
27065
27070
27075
27080
27085
27090
27095
27100
27105
27110
27115
27120
27125
27130
27135
27140
27145
27150
27155
27160
27165
27170
27175
27180
27185
27190
27195
27200
27205
27210
27215
27220
27225
27230
27235
27240
27245
27250
27255
27260
27265
27270
27275
27280
27285
27290
27295
27300
27305
27310
27315
27320
27325
27330
27335
27340
27345
27350
27355
27360
27365
27370
27375
27380
27385
27390
27395
27400
27405
27410
27415
27420
27425
27430
27435
27440
27445
27450
27455
27460
27465
27470
27475
27480
27485
27490
27495
27500
27505
27510
27515
27520
27525
27530
27535
27540
27545
27550
27555
27560
27565
27570
27575
27580
27585
27590
27595
27600
27605
27610
27615
27620
27625
27630
27635
27640
27645
27650
27655
27660
27665
27670
27675
27680
27685
27690
27695
27700
27705
27710
27715
27720
27725
27730
27735
27740
27745
27750
27755
27760
27765
27770
27775
27780
27785
27790
27795
27800
27805
27810
27815
27820
27825
27830
27835
27840
27845
27850
27855
27860
27865
27870
27875
27880
27885
27890
27895
27900
27905
27910
27915
27920
27925
27930
27935
27940
27945
27950
27955
27960
27965
27970
27975
27980
27985
27990
27995
28000
28005
28010
28015
28020
28025
28030
28035
28040
28045
28050
28055
28060
28065
28070
28075
28080
28085
28090
28095
28100
28105
28110
28115
28120
28125
28130
28135
28140
28145
28150
28155
28160
28165
28170
28175
28180
28185
28190
28195
28200
28205
28210
28215
28220
28225
28230
28235
28240
28245
28250
28255
28260
28265
28270
28275
28280
28285
28290
28295
28300
28305
28310
28315
28320
28325
28330
28335
28340
28345
28350
28355
28360
28365
28370
28375
28380
28385
28390
28395
28400
28405
28410
28415
28420
28425
28430
28435
28440
28445
28450
28455
28460
28465
28470
28475
28480
28485
28490
28495
28500
28505
28510
28515
28520
28525
28530
28535
28540
28545
28550
28555
28560
28565
28570
28575
28580
28585
28590
28595
28600
28605
28610
28615
28620
28625
28630
28635
28640
28645
28650
28655
28660
28665
28670
28675
28680
28685
28690
28695
28700
28705
28710
28715
28720
28725
28730
28735
28740
28745
28750
28755
28760
28765
28770
28775
28780
28785
28790
28795
28800
28805
28810
28815
28820
28825
28830
28835
28840
28845
28850
28855
28860
28865
28870
28875
28880
28885
28890
28895
28900
28905
28910
28915
28920
28925
28930
28935
28940
28945
28950
28955
28960
28965
28970
28975
28980
28985
28990
28995
29000
29005
29010
29015
29020
29025
29030
29035
29040
29045
29050
29055
29060
29065
29070
29075
29080
29085
29090
29095
29100
29105
29110
29115
29120
29125
29130
29135
29140
29145
29150
29155
29160
29165
29170
29175
29180
29185
29190
29195
29200
29205
29210
29215
29220
29225
29230
29235
29240
29245
29250
29255
29260
29265
29270
29275
29280
29285
29290
29295
29300
29305
29310
29315
29320
29325
29330
29335
29340
29345
29350
29355
29360
29365
29370
29375
29380
29385
29390
29395
29400
29405
29410
29415
29420
29425
29430
29435
29440
29445
29450
29455
29460
29465
29470
29475
29480
29485
29490
29495
29500
29505
29510
29515
29520
29525
29530
29535
29540
29545
29550
29555
29560
29565
29570
29575
29580
29585
29590
29595
29600
29605
29610
29615
29620
29625
29630
29635
29640
29645
29650
29655
29660
29665
23736
23740
23744
23748
23752
23756
23760
23764
23768
23772
23776
23780
23784
23788
23792
23796
23800
23804
23808
23812
23816
23820
23824
23828
23832
23836
23840
23844
23848
23852
23856
23860
23864
23868
23872
23876
23880
23884
23888
23892
23896
23900
23904
23908
23912
23916
23920
23924
23928
23932
23936
23940
23944
23948
23952
23956
23960
23964
23968
23972
23976
23980
23984
23988
23992
23996
24000
24004
24008
24012
24016
24020
24024
24028
24032
24036
24040
24044
24048
24052
24056
24060
24064
24068
24072
24076
24080
24084
24088
24092
24096
24100
24104
24108
24112
24116
24120
24124
24128
24132
24136
24140
24144
24148
24152
24156
24160
24164
24168
24172
24176
24180
24184
24188
24192
24196
24200
24204
24208
24212
24216
24220
24224
24228
24232
24236
24240
24244
24248
24252
24256
24260
24264
24268
24272
24276
24280
24284
24288
24292
24296
24300
24304
24308
24312
24316
24320
24324
24328
24332
24336
24340
24344
24348
24352
24356
24360
24364
24368
24372
24376
24380
24384
24388
24392
24396
24400
24404
24408
24412
24416
24420
24424
24428
24432
24436
24440
24444
24448
24452
24456
24460
24464
24468
24472
24476
24480
24484
24488
24492
24496
24500
24504
24508
24512
24516
24520
24524
24528
24532
24536
24540
24544
24548
24552
24556
24560
24564
24568
24572
24576
24580
24584
24588
24592
24596
24600
24604
24608
24612
24616
24620
24624
24628
24632
24636
24640
24644
24648
24652
24656
24660
24664
24668
24672
24676
24680
24684
24688
24692
24696
24700
24704
24708
24712
24716
24720
24724
24728
24732
24736
24740
24744
24748
24752
24756
24760
24764
24768
24772
24776
24780
24784
24788
24792
24796
24800
24804
24808
24812
24816
24820
24824
24828
24832
24836
24840
24844
24848
24852
24856
24860
24864
24868
24872
24876
24880
24884
24888
24892
24896
24900
24904
24908
24912
24916
24920
24924
24928
24932
24936
24940
24944
24948
24952
24956
24960
24964
24968
24972
24976
24980
24984
24988
24992
24996
25000
25004
25008
25012
25016
25020
25024
25028
25032
25036
25040
25044
25048
25052
25056
25060
25064
25068
25072
25076
25080
25084
25088
25092
25096
25100
25104
25108
25112
25116
25120
25124
25128
25132
25136
25140
25144
25148
25152
25156
25160
25164
25168
25172
25176
25180
25184
25188
25192
25196
25200
25204
25208
25212
25216
25220
25224
25228
25232
25236
25240
25244
25248
25252
25256
25260
25264
25268
25272
25276
25280
25284
25288
25292
25296
25300
25304
25308
25312
25316
25320
25324
25328
25332
25336
25340
25344
25348
25352
25356
25360
25364
25368
25372
25376
25380
25384
25388
25392
25396
25400
25404
25408
25412
25416
25420
25424
25428
25432
25436
25440
25444
25448
25452
25456
25460
25464
25468
25472
25476
25480
25484
25488
25492
25496
25500
25504
25508
25512
25516
25520
25524
25528
25532
25536
25540
25544
25548
25552
25556
25560
25564
25568
25572
25576
25580
25584
25588
25592
25596
25600
25604
25608
25612
25616
25620
25624
25628
25632
25636
25640
25644
25648
25652
25656
25660
25664
25668
25672
25676
25680
25684
25688
25692
25696
25700
25704
25708
25712
25716
25720
25724
25728
25732
25736
25740
25744
25748
25752
25756
25760
25764
25768
25772
25776
25780
25784
25788
25792
25796
25800
25804
25808
25812
25816
25820
25824
25828
25832
25836
25840
25844
25848
25852
25856
25860
25864
25868
25872
25876
25880
25884
25888
25892
25896
25900
25904
25908
25912
25916
25920
25924
25928
25932
25936
25940
25944
25948
25952
25956
25960
25964
25968
25972
25976
25980
25984
25988
25992
25996
26000
26004
26008
26012
26016
26020
26024
26028
26032
26036
26040
26044
26048
26052
26056
26060
26064
26068
26072
26076
26080
26084
26088
26092
26096
26100
26104
26108
26112
26116
26120
26124
26128
26132
26136
26140
26144
26148
26152
26156
26160
26164
26168
26172
26176
26180
26184
26188
26192
26196
26200
26204
26208
26212
26216
26220
26224
26228
26232
26236
26240
26244
26248
26252
26256
26260
26264
26268
26272
26276
26280
26284
26288
26292
26296
26300
26304
26308
26312
26316
26320
26324
26328
26332
26336
26340
26344
26348
26352
26356
26360
26364
26368
26372
26376
26380
26384
26388
26392
26396
26400
26404
26408
26412
26416
26420
26424
26428
26432
26436
26440
26444
26448
26452
26456
26460
26464
26468
26472
26476
26480
26484
26488
26492
26496
26500
26504
26508
26512
26516
26520
26524
26528
26532
26536
26540
26544
26548
26552
26556
26560
26564
26568
26572
26576
26580
26584
26588
26592
26596
26600
26604
26608
26612
26616
26620
26624
26628
26632
26636
26640
26644
26648
26652
26656
26660
26664
26668
26672
26676
26680
26684
26688
26692
26696
26700
26704
26708
26712
26716
26720
26724
26728
26732
26736
26740
26744
26748
26752
26756
26760
26764
26768
26772
26776
26780
26784
26788
26792
26796
26800
26804
26808
26812
26816
26820
26824
26828
26832
26836
26840
26844
26848
26852
26856
26860
26864
26868
26872
26876
26880
26884
26888
26892
26896
26900
26904
26908
26912
26916
26920
26924
26928
26932
26936
26940
26944
26948
26952
26956
26960
26964
26968
26972
26976
26980
26984
26988
26992
26996
27000
27004
27008
27012
27016
27020
27024
27028
27032
27036
27040
27044
27048
27052
27056
27060
27064
27068
27072
27076
27080
27084
27088
27092
27096
27100
27104
27108
27112
27116
27120
27124
27128
27132
27136
27140
27144
27148
27152
27156
27160
27164
27168
27172
27176
27180
27184
27188
27192
27196
27200
27204
27208
27212
27216
27220
27224
27228
27232
27236
27240
27244
27248
27252
27256
27260
27264
27268
27272
27276
27280
27284
27288
27292
27296
27300
27304
27308
27312
27316
27320
27324
27328
27332
27336
27340
27344
27348
27352
27356
27360
27364
27368
27372
27376
27380
27384
27388
27392
27396
27400
27404
27408
27412
27416
27420
27424
27428
27432
27436
27440
27444
27448
27452
27456
27460
27464
27468
27472
27476
27480
27484
27488
27492
27496
27500
27504
27508
27512
27516
27520
27524
27528
27532
27536
27540
27544
27548
27552
27556
27560
27564
27568
27572
27576
27580
27584
27588
27592
27596
27600
27604
27608
27612
27616
27620
27624
27628
27632
27636
27640
27644
27648
27652
27656
27660
27664
27668
27672
27676
27680
27684
27688
27692
27696
27700
27704
27708
27712
27716
27720
27724
27728
27732
27736
27740
27744
27748
27752
27756
27760
20823
20826
20829
20832
20835
20838
20841
20844
20847
20850
20853
20856
20859
20862
20865
20868
20871
20874
20877
20880
20883
20886
20889
20892
20895
20898
20901
20904
20907
20910
20913
20916
20919
20922
20925
20928
20931
20934
20937
20940
20943
20946
20949
20952
20955
20958
20961
20964
20967
20970
20973
20976
20979
20982
20985
20988
20991
20994
20997
21000
21003
21006
21009
21012
21015
21018
21021
21024
21027
21030
21033
21036
21039
21042
21045
21048
21051
21054
21057
21060
21063
21066
21069
21072
21075
21078
21081
21084
21087
21090
21093
21096
21099
21102
21105
21108
21111
21114
21117
21120
21123
21126
21129
21132
21135
21138
21141
21144
21147
21150
21153
21156
21159
21162
21165
21168
21171
21174
21177
21180
21183
21186
21189
21192
21195
21198
21201
21204
21207
21210
21213
21216
21219
21222
21225
21228
21231
21234
21237
21240
21243
21246
21249
21252
21255
21258
21261
21264
21267
21270
21273
21276
21279
21282
21285
21288
21291
21294
21297
21300
21303
21306
21309
21312
21315
21318
21321
21324
21327
21330
21333
21336
21339
21342
21345
21348
21351
21354
21357
21360
21363
21366
21369
21372
21375
21378
21381
21384
21387
21390
21393
21396
21399
21402
21405
21408
21411
21414
21417
21420
21423
21426
21429
21432
21435
21438
21441
21444
21447
21450
21453
21456
21459
21462
21465
21468
21471
21474
21477
21480
21483
21486
21489
21492
21495
21498
21501
21504
21507
21510
21513
21516
21519
21522
21525
21528
21531
21534
21537
21540
21543
21546
21549
21552
21555
21558
21561
21564
21567
21570
21573
21576
21579
21582
21585
21588
21591
21594
21597
21600
21603
21606
21609
21612
21615
21618
21621
21624
21627
21630
21633
21636
21639
21642
21645
21648
21651
21654
21657
21660
21663
21666
21669
21672
21675
21678
21681
21684
21687
21690
21693
21696
21699
21702
21705
21708
21711
21714
21717
21720
21723
21726
21729
21732
21735
21738
21741
21744
21747
21750
21753
21756
21759
21762
21765
21768
21771
21774
21777
21780
21783
21786
21789
21792
21795
21798
21801
21804
21807
21810
21813
21816
21819
21822
21825
21828
21831
21834
21837
21840
21843
21846
21849
21852
21855
21858
21861
21864
21867
21870
21873
21876
21879
21882
21885
21888
21891
21894
21897
21900
21903
21906
21909
21912
21915
21918
21921
21924
21927
21930
21933
21936
21939
21942
21945
21948
21951
21954
21957
21960
21963
21966
21969
21972
21975
21978
21981
21984
21987
21990
21993
21996
21999
22002
22005
22008
22011
22014
22017
22020
22023
22026
22029
22032
22035
22038
22041
22044
22047
22050
22053
22056
22059
22062
22065
22068
22071
22074
22077
22080
22083
22086
22089
22092
22095
22098
22101
22104
22107
22110
22113
22116
22119
22122
22125
22128
22131
22134
22137
22140
22143
22146
22149
22152
22155
22158
22161
22164
22167
22170
22173
22176
22179
22182
22185
22188
22191
22194
22197
22200
22203
22206
22209
22212
22215
22218
22221
22224
22227
22230
22233
22236
22239
22242
22245
22248
22251
22254
22257
22260
22263
22266
22269
22272
22275
22278
22281
22284
22287
22290
22293
22296
22299
22302
22305
22308
22311
22314
22317
22320
22323
22326
22329
22332
22335
22338
22341
22344
22347
22350
22353
22356
22359
22362
22365
22368
22371
22374
22377
22380
22383
22386
22389
22392
22395
22398
22401
22404
22407
22410
22413
22416
22419
22422
22425
22428
22431
22434
22437
22440
22443
22446
22449
22452
22455
22458
22461
22464
22467
22470
22473
22476
22479
22482
22485
22488
22491
22494
22497
22500
22503
22506
22509
22512
22515
22518
22521
22524
22527
22530
22533
22536
22539
22542
22545
22548
22551
22554
22557
22560
22563
22566
22569
22572
22575
22578
22581
22584
22587
22590
22593
22596
22599
22602
22605
22608
22611
22614
22617
22620
22623
22626
22629
22632
22635
22638
22641
22644
22647
22650
22653
22656
22659
22662
22665
22668
22671
22674
22677
22680
22683
22686
22689
22692
22695
22698
22701
22704
22707
22710
22713
22716
22719
22722
22725
22728
22731
22734
22737
22740
22743
22746
22749
22752
22755
22758
22761
22764
22767
22770
22773
22776
22779
22782
22785
22788
22791
22794
22797
22800
22803
22806
22809
22812
22815
22818
22821
22824
22827
22830
22833
22836
22839
22842
22845
22848
22851
22854
22857
22860
22863
22866
22869
22872
22875
22878
22881
22884
22887
22890
22893
22896
22899
22902
22905
22908
22911
22914
22917
22920
22923
22926
22929
22932
22935
22938
22941
22944
22947
22950
22953
22956
22959
22962
22965
22968
22971
22974
22977
22980
22983
22986
22989
22992
22995
22998
23001
23004
23007
23010
23013
23016
23019
23022
23025
23028
23031
23034
23037
23040
23043
23046
23049
23052
23055
23058
23061
23064
23067
23070
23073
23076
23079
23082
23085
23088
23091
23094
23097
23100
23103
23106
23109
23112
23115
23118
23121
23124
23127
23130
23133
23136
23139
23142
23145
23148
23151
23154
23157
23160
23163
23166
23169
23172
23175
23178
23181
23184
23187
23190
23193
23196
23199
23202
23205
23208
23211
23214
23217
23220
23223
23226
23229
23232
23235
23238
23241
23244
23247
23250
23253
23256
23259
23262
23265
23268
23271
23274
23277
23280
23283
23286
23289
23292
23295
23298
23301
23304
23307
23310
23313
23316
23319
23322
23325
23328
23331
23334
23337
23340
23343
23346
23349
23352
23355
23358
23361
23364
23367
23370
23373
23376
23379
23382
23385
23388
23391
23394
23397
23400
23403
23406
23409
23412
23415
23418
23421
23424
23427
23430
23433
23436
23439
23442
23445
23448
23451
23454
23457
23460
23463
23466
23469
23472
23475
23478
23481
23484
23487
23490
23493
23496
23499
23502
23505
23508
23511
23514
23517
23520
23523
23526
23529
23532
23535
23538
23541
23544
23547
23550
23553
23556
23559
23562
23565
23568
23571
23574
23577
23580
23583
23586
23589
23592
23595
23598
23601
23604
23607
23610
23613
23616
23619
23622
23625
23628
23631
23634
23637
23640
23643
23646
23649
23652
23655
23658
23661
23664
23667
23670
23673
23676
23679
23682
23685
23688
23691
23694
23697
23700
23703
23706
23709
23712
23715
23718
23721
23724
23727
23730
23733
23736
23739
23742
23745
23748
23751
23754
23757
23760
23763
23766
23769
23772
23775
23778
23781
23784
23787
23790
23793
23796
23799
23802
23805
23808
23811
23814
23817
23820
23823
23826
23829
23832
23835
23838
23841
23844
23847
23850
23853
23856
23859
23862
23865
23868
23871
23874
23877
23880
23883
23886
23889
23892
23895
23898
23901
23904
23907
23910
23913
23916
23919
23922
23925
23928
23931
23934
23937
23940
23943
23946
23949
23952
23955
23958
23961
23964
23967
23970
23973
23976
23979
23982
23985
23988
23991
23994
23997
24000
24003
24006
24009
24012
24015
24018
24021
24024
24027
24030
24033
24036
24039
24042
24045
24048
24051
24054
24057
24060
24063
24066
24069
24072
24075
24078
24081
24084
24087
24090
24093
24096
24099
24102
24105
24108
24111
24114
24117
24120
24123
24126
24129
24132
24135
24138
24141
24144
24147
24150
24153
24156
24159
24162
24165
24168
24171
24174
24177
24180
24183
24186
24189
24192
24195
24198
24201
24204
24207
24210
24213
24216
24219
24222
24225
24228
24231
24234
24237
24240
24243
24246
24249
24252
24255
24258
24261
24264
24267
24270
24273
24276
24279
24282
24285
24288
24291
24294
24297
24300
24303
24306
24309
24312
24315
24318
24321
24324
24327
24330
24333
24336
24339
24342
24345
24348
24351
24354
24357
24360
24363
24366
24369
24372
24375
24378
24381
24384
24387
24390
24393
24396
24399
24402
24405
24408
24411
24414
24417
24420
24423
24426
24429
24432
24435
24438
24441
24444
24447
24450
24453
24456
24459
24462
24465
24468
24471
24474
24477
24480
24483
24486
24489
24492
24495
24498
24501
24504
24507
24510
24513
24516
24519
24522
24525
24528
24531
24534
24537
24540
24543
24546
24549
24552
24555
24558
24561
24564
24567
24570
24573
24576
24579
24582
24585
24588
24591
24594
24597
24600
24603
24606
24609
24612
24615
24618
24621
24624
24627
24630
24633
24636
24639
24642
24645
24648
24651
24654
24657
24660
24663
24666
24669
24672
24675
24678
24681
24684
24687
24690
24693
24696
24699
24702
24705
24708
24711
24714
24717
24720
24723
24726
24729
24732
24735
24738
24741
24744
24747
24750
24753
24756
24759
24762
24765
24768
24771
24774
24777
24780
24783
24786
24789
24792
24795
24798
24801
24804
24807
24810
24813
24816
24819
24822
24825
24828
24831
24834
24837
24840
24843
24846
24849
24852
24855
24858
24861
24864
24867
24870
24873
24876
24879
24882
24885
24888
24891
24894
24897
24900
24903
24906
24909
24912
24915
24918
24921
24924
24927
24930
24933
24936
24939
24942
24945
24948
24951
24954
24957
24960
24963
24966
24969
24972
24975
24978
24981
24984
24987
24990
24993
24996
24999
25002
25005
25008
25011
25014
25017
25020
25023
25026
25029
25032
25035
25038
25041
25044
25047
25050
25053
25056
25059
25062
25065
25068
25071
25074
25077
25080
25083
25086
25089
25092
25095
25098
25101
25104
25107
25110
25113
25116
25119
25122
25125
25128
25131
25134
25137
25140
25143
25146
25149
25152
25155
25158
25161
25164
25167
25170
25173
25176
25179
25182
25185
25188
25191
25194
25197
25200
25203
25206
25209
25212
25215
25218
25221
25224
25227
25230
25233
25236
25239
25242
25245
25248
25251
25254
25257
25260
25263
25266
25269
25272
25275
25278
25281
25284
25287
25290
25293
25296
25299
25302
25305
25308
25311
25314
25317
25320
25323
25326
25329
25332
16890
16892
16894
16896
16898
16900
16902
16904
16906
16908
16910
16912
16914
16916
16918
16920
16922
16924
16926
16928
16930
16932
16934
16936
16938
16940
16942
16944
16946
16948
16950
16952
16954
16956
16958
16960
16962
16964
16966
16968
16970
16972
16974
16976
16978
16980
16982
16984
16986
16988
16990
16992
16994
16996
16998
17000
17002
17004
17006
17008
17010
17012
17014
17016
17018
17020
17022
17024
17026
17028
17030
17032
17034
17036
17038
17040
17042
17044
17046
17048
17050
17052
17054
17056
17058
17060
17062
17064
17066
17068
17070
17072
17074
17076
17078
17080
17082
17084
17086
17088
17090
17092
17094
17096
17098
17100
17102
17104
17106
17108
17110
17112
17114
17116
17118
17120
17122
17124
17126
17128
17130
17132
17134
17136
17138
17140
17142
17144
17146
17148
17150
17152
17154
17156
17158
17160
17162
17164
17166
17168
17170
17172
17174
17176
17178
17180
17182
17184
17186
17188
17190
17192
17194
17196
17198
17200
17202
17204
17206
17208
17210
17212
17214
17216
17218
17220
17222
17224
17226
17228
17230
17232
17234
17236
17238
17240
17242
17244
17246
17248
17250
17252
17254
17256
17258
17260
17262
17264
17266
17268
17270
17272
17274
17276
17278
17280
17282
17284
17286
17288
17290
17292
17294
17296
17298
17300
17302
17304
17306
17308
17310
17312
17314
17316
17318
17320
17322
17324
17326
17328
17330
17332
17334
17336
17338
17340
17342
17344
17346
17348
17350
17352
17354
17356
17358
17360
17362
17364
17366
17368
17370
17372
17374
17376
17378
17380
17382
17384
17386
17388
17390
17392
17394
17396
17398
17400
17402
17404
17406
17408
17410
17412
17414
17416
17418
17420
17422
17424
17426
17428
17430
17432
17434
17436
17438
17440
17442
17444
17446
17448
17450
17452
17454
17456
17458
17460
17462
17464
17466
17468
17470
17472
17474
17476
17478
17480
17482
17484
17486
17488
17490
17492
17494
17496
17498
17500
17502
17504
17506
17508
17510
17512
17514
17516
17518
17520
17522
17524
17526
17528
17530
17532
17534
17536
17538
17540
17542
17544
17546
17548
17550
17552
17554
17556
17558
17560
17562
17564
17566
17568
17570
17572
17574
17576
17578
17580
17582
17584
17586
17588
17590
17592
17594
17596
17598
17600
17602
17604
17606
17608
17610
17612
17614
17616
17618
17620
17622
17624
17626
17628
17630
17632
17634
17636
17638
17640
17642
17644
17646
17648
17650
17652
17654
17656
17658
17660
17662
17664
17666
17668
17670
17672
17674
17676
17678
17680
17682
17684
17686
17688
17690
17692
17694
17696
17698
17700
17702
17704
17706
17708
17710
17712
17714
17716
17718
17720
17722
17724
17726
17728
17730
17732
17734
17736
17738
17740
17742
17744
17746
17748
17750
17752
17754
17756
17758
17760
17762
17764
17766
17768
17770
17772
17774
17776
17778
17780
17782
17784
17786
17788
17790
17792
17794
17796
17798
17800
17802
17804
17806
17808
17810
17812
17814
17816
17818
17820
17822
17824
17826
17828
17830
17832
17834
17836
17838
17840
17842
17844
17846
17848
17850
17852
17854
17856
17858
17860
17862
17864
17866
17868
17870
17872
17874
17876
17878
17880
17882
17884
17886
17888
17890
17892
17894
17896
17898
17900
17902
17904
17906
17908
17910
17912
17914
17916
17918
17920
17922
17924
17926
17928
17930
17932
17934
17936
17938
17940
17942
17944
17946
17948
17950
17952
17954
17956
17958
17960
17962
17964
17966
17968
17970
17972
17974
17976
17978
17980
17982
17984
17986
17988
17990
17992
17994
17996
17998
18000
18002
18004
18006
18008
18010
18012
18014
18016
18018
18020
18022
18024
18026
18028
18030
18032
18034
18036
18038
18040
18042
18044
18046
18048
18050
18052
18054
18056
18058
18060
18062
18064
18066
18068
18070
18072
18074
18076
18078
18080
18082
18084
18086
18088
18090
18092
18094
18096
18098
18100
18102
18104
18106
18108
18110
18112
18114
18116
18118
18120
18122
18124
18126
18128
18130
18132
18134
18136
18138
18140
18142
18144
18146
18148
18150
18152
18154
18156
18158
18160
18162
18164
18166
18168
18170
18172
18174
18176
18178
18180
18182
18184
18186
18188
18190
18192
18194
18196
18198
18200
18202
18204
18206
18208
18210
18212
18214
18216
18218
18220
18222
18224
18226
18228
18230
18232
18234
18236
18238
18240
18242
18244
18246
18248
18250
18252
18254
18256
18258
18260
18262
18264
18266
18268
18270
18272
18274
18276
18278
18280
18282
18284
18286
18288
18290
18292
18294
18296
18298
18300
18302
18304
18306
18308
18310
18312
18314
18316
18318
18320
18322
18324
18326
18328
18330
18332
18334
18336
18338
18340
18342
18344
18346
18348
18350
18352
18354
18356
18358
18360
18362
18364
18366
18368
18370
18372
18374
18376
18378
18380
18382
18384
18386
18388
18390
18392
18394
18396
18398
18400
18402
18404
18406
18408
18410
18412
18414
18416
18418
18420
18422
18424
18426
18428
18430
18432
18434
18436
18438
18440
18442
18444
18446
18448
18450
18452
18454
18456
18458
18460
18462
18464
18466
18468
18470
18472
18474
18476
18478
18480
18482
18484
18486
18488
18490
18492
18494
18496
18498
18500
18502
18504
18506
18508
18510
18512
18514
18516
18518
18520
18522
18524
18526
18528
18530
18532
18534
18536
18538
18540
18542
18544
18546
18548
18550
18552
18554
18556
18558
18560
18562
18564
18566
18568
18570
18572
18574
18576
18578
18580
18582
18584
18586
18588
18590
18592
18594
18596
18598
18600
18602
18604
18606
18608
18610
18612
18614
18616
18618
18620
18622
18624
18626
18628
18630
18632
18634
18636
18638
18640
18642
18644
18646
18648
18650
18652
18654
18656
18658
18660
18662
18664
18666
18668
18670
18672
18674
18676
18678
18680
18682
18684
18686
18688
18690
18692
18694
18696
18698
18700
18702
18704
18706
18708
18710
18712
18714
18716
18718
18720
18722
18724
18726
18728
18730
18732
18734
18736
18738
18740
18742
18744
18746
18748
18750
18752
18754
18756
18758
18760
18762
18764
18766
18768
18770
18772
18774
18776
18778
18780
18782
18784
18786
18788
18790
18792
18794
18796
18798
18800
18802
18804
18806
18808
18810
18812
18814
18816
18818
18820
18822
18824
18826
18828
18830
18832
18834
18836
18838
18840
18842
18844
18846
18848
18850
18852
18854
18856
18858
18860
18862
18864
18866
18868
18870
18872
18874
18876
18878
18880
18882
18884
18886
18888
18890
18892
18894
18896
18898
18900
18902
18904
18906
18908
18910
18912
18914
18916
18918
18920
18922
18924
18926
18928
18930
18932
18934
18936
18938
18940
18942
18944
18946
18948
18950
18952
18954
18956
18958
18960
18962
18964
18966
18968
18970
18972
18974
18976
18978
18980
18982
18984
18986
18988
18990
18992
18994
18996
18998
19000
19002
19004
19006
19008
19010
19012
19014
19016
19018
19020
19022
19024
19026
19028
19030
19032
19034
19036
19038
19040
19042
19044
19046
19048
19050
19052
19054
19056
19058
19060
19062
19064
19066
19068
19070
19072
19074
19076
19078
19080
19082
19084
19086
19088
19090
19092
19094
19096
19098
19100
19102
19104
19106
19108
19110
19112
19114
19116
19118
19120
19122
19124
19126
19128
19130
19132
19134
19136
19138
19140
19142
19144
19146
19148
19150
19152
19154
19156
19158
19160
19162
19164
19166
19168
19170
19172
19174
19176
19178
19180
19182
19184
19186
19188
19190
19192
19194
19196
19198
19200
19202
19204
19206
19208
19210
19212
19214
19216
19218
19220
19222
19224
19226
19228
19230
19232
19234
19236
19238
19240
19242
19244
19246
19248
19250
19252
19254
19256
19258
19260
19262
19264
19266
19268
19270
19272
19274
19276
19278
19280
19282
19284
19286
19288
19290
19292
19294
19296
19298
19300
19302
19304
19306
19308
19310
19312
19314
19316
19318
19320
19322
19324
19326
19328
19330
19332
19334
19336
19338
19340
19342
19344
19346
19348
19350
19352
19354
19356
19358
19360
19362
19364
19366
19368
19370
19372
19374
19376
19378
19380
19382
19384
19386
19388
19390
19392
19394
19396
19398
19400
19402
19404
19406
19408
19410
19412
19414
19416
19418
19420
19422
19424
19426
19428
19430
19432
19434
19436
19438
19440
19442
19444
19446
19448
19450
19452
19454
19456
19458
19460
19462
19464
19466
19468
19470
19472
19474
19476
19478
19480
19482
19484
19486
19488
19490
19492
19494
19496
19498
19500
19502
19504
19506
19508
19510
19512
19514
19516
19518
19520
19522
19524
19526
19528
19530
19532
19534
19536
19538
19540
19542
19544
19546
19548
19550
19552
19554
19556
19558
19560
19562
19564
19566
19568
19570
19572
19574
19576
19578
19580
19582
19584
19586
19588
19590
19592
19594
19596
19598
19600
19602
19604
19606
19608
19610
19612
19614
19616
19618
19620
19622
19624
19626
19628
19630
19632
19634
19636
19638
19640
19642
19644
19646
19648
19650
19652
19654
19656
19658
19660
19662
19664
19666
19668
19670
19672
19674
19676
19678
19680
19682
19684
19686
19688
19690
19692
19694
19696
19698
19700
19702
19704
19706
19708
19710
19712
19714
19716
19718
19720
19722
19724
19726
19728
19730
19732
19734
19736
19738
19740
19742
19744
19746
19748
19750
19752
19754
19756
19758
19760
19762
19764
19766
19768
19770
19772
19774
19776
19778
19780
19782
19784
19786
19788
19790
19792
19794
19796
19798
19800
19802
19804
19806
19808
19810
19812
19814
19816
19818
19820
19822
19824
19826
19828
19830
19832
19834
19836
19838
19840
19842
19844
19846
19848
19850
19852
19854
19856
19858
19860
19862
19864
19866
19868
19870
19872
19874
19876
19878
19880
19882
19884
19886
19888
19890
19892
19894
19896
19898
19900
19902
19904
19906
19908
19910
19912
19914
19916
19918
19920
19922
19924
19926
19928
19930
19932
19934
19936
19938
19940
19942
19944
19946
19948
19950
19952
19954
19956
19958
19960
19962
19964
19966
19968
19970
19972
19974
19976
19978
19980
19982
19984
19986
19988
19990
19992
19994
19996
19998
20000
20002
20004
20006
20008
20010
20012
20014
20016
20018
20020
20022
20024
20026
20028
20030
20032
20034
20036
20038
20040
20042
20044
20046
20048
20050
20052
20054
20056
20058
20060
20062
20064
20066
20068
20070
20072
20074
20076
20078
20080
20082
20084
20086
20088
20090
20092
20094
20096
20098
20100
20102
20104
20106
20108
20110
20112
20114
20116
20118
20120
20122
20124
20126
20128
20130
20132
20134
20136
20138
20140
20142
20144
20146
20148
20150
20152
20154
20156
20158
20160
20162
20164
20166
20168
20170
20172
20174
20176
20178
20180
20182
20184
20186
20188
20190
20192
20194
20196
20198
20200
20202
20204
20206
20208
20210
20212
20214
20216
20218
20220
20222
20224
20226
20228
20230
20232
20234
20236
20238
20240
20242
20244
20246
20248
20250
20252
20254
20256
20258
20260
20262
20264
20266
20268
20270
20272
20274
20276
20278
20280
20282
20284
20286
20288
20290
20292
20294
20296
20298
20300
20302
20304
20306
20308
20310
20312
20314
20316
20318
20320
20322
20324
20326
20328
20330
20332
20334
20336
20338
20340
20342
20344
20346
20348
20350
20352
20354
20356
20358
20360
20362
20364
20366
20368
20370
20372
20374
20376
20378
20380
20382
20384
20386
20388
20390
20392
20394
20396
20398
20400
20402
20404
20406
20408
20410
20412
20414
20416
20418
20420
20422
20424
20426
20428
20430
20432
20434
20436
20438
20440
20442
20444
20446
20448
20450
20452
20454
20456
20458
20460
20462
20464
20466
20468
20470
20472
20474
20476
20478
20480
20482
20484
20486
20488
20490
20492
20494
20496
20498
20500
20502
20504
20506
20508
20510
20512
20514
20516
20518
20520
20522
20524
20526
20528
20530
20532
20534
20536
20538
20540
20542
20544
20546
20548
20550
20552
20554
20556
20558
20560
20562
20564
20566
20568
20570
20572
20574
20576
20578
20580
20582
20584
20586
20588
20590
20592
20594
20596
20598
20600
20602
20604
20606
20608
20610
20612
20614
20616
20618
20620
20622
20624
20626
20628
20630
20632
20634
20636
20638
20640
20642
20644
20646
20648
20650
20652
20654
20656
20658
20660
20662
20664
20666
20668
20670
20672
20674
20676
20678
20680
20682
20684
20686
20688
20690
20692
20694
20696
20698
20700
20702
20704
20706
20708
20710
20712
20714
20716
20718
20720
20722
20724
20726
20728
20730
20732
20734
20736
20738
20740
20742
20744
20746
20748
20750
20752
20754
20756
20758
20760
20762
20764
20766
20768
20770
20772
20774
20776
20778
20780
20782
20784
20786
20788
20790
20792
20794
20796
20798
20800
20802
20804
20806
20808
20810
20812
20814
20816
20818
20820
20822
20824
20826
20828
20830
20832
20834
20836
20838
20840
20842
20844
20846
20848
20850
20852
20854
20856
20858
20860
20862
20864
20866
20868
20870
20872
20874
20876
20878
20880
20882
20884
20886
20888
20890
20892
20894
20896
20898
20900
20902
20904
20906
20908
20910
20912
20914
20916
20918
20920
20922
20924
20926
20928
20930
20932
20934
20936
20938
20940
20942
20944
20946
20948
20950
20952
20954
20956
20958
20960
20962
20964
20966
20968
20970
20972
20974
20976
20978
20980
20982
20984
20986
20988
20990
20992
20994
20996
20998
21000
21002
21004
21006
21008
21010
21012
21014
21016
21018
21020
21022
21024
21026
21028
21030
21032
21034
21036
21038
21040
21042
21044
21046
21048
21050
21052
21054
21056
21058
21060
21062
21064
21066
21068
21070
21072
21074
21076
21078
21080
21082
21084
21086
21088
21090
21092
21094
21096
21098
21100
21102
21104
21106
21108
21110
21112
21114
21116
21118
21120
21122
21124
21126
21128
21130
21132
21134
21136
21138
21140
21142
21144
21146
21148
21150
21152
21154
21156
21158
21160
21162
21164
21166
21168
21170
21172
21174
21176
21178
21180
21182
21184
21186
21188
21190
21192
21194
21196
21198
21200
21202
21204
21206
21208
21210
21212
21214
21216
21218
21220
21222
21224
21226
21228
21230
21232
21234
21236
21238
21240
21242
21244
21246
21248
21250
21252
21254
21256
21258
21260
21262
21264
21266
21268
21270
21272
21274
21276
21278
21280
21282
21284
21286
21288
21290
21292
21294
21296
21298
21300
21302
21304
21306
21308
21310
21312
21314
21316
21318
21320
21322
21324
21326
21328
21330
21332
21334
21336
21338
21340
21342
21344
21346
21348
21350
21352
21354
21356
21358
21360
21362
21364
21366
21368
21370
21372
21374
21376
21378
21380
21382
21384
21386
21388
21390
21392
21394
21396
21398
21400
21402
21404
21406
21408
21410
21412
21414
21416
21418
21420
21422
21424
21426
21428
21430
21432
21434
21436
21438
21440
21442
21444
21446
21448
21450
21452
21454
21456
21458
21460
21462
21464
21466
21468
21470
21472
21474
21476
21478
21480
21482
21484
21486
21488
21490
21492
21494
21496
21498
21500
21502
21504
21506
21508
21510
21512
21514
21516
21518
21520
21522
21524
21526
21528
21530
21532
21534
21536
21538
21540
21542
21544
21546
21548
21550
21552
21554
21556
21558
21560
21562
21564
21566
21568
21570
21572
21574
21576
21578
21580
21582
21584
21586
21588
21590
21592
21594
21596
21598
21600
21602
21604
21606
21608
21610
21612
21614
21616
21618
21620
21622
21624
21626
21628
21630
21632
21634
21636
21638
21640
21642
21644
21646
21648
21650
21652
21654
21656
21658
21660
21662
21664
21666
21668
21670
21672
21674
21676
21678
21680
21682
21684
21686
21688
21690
21692
21694
21696
21698
21700
21702
21704
21706
21708
21710
21712
21714
21716
21718
21720
21722
21724
21726
21728
21730
21732
21734
21736
21738
21740
21742
21744
21746
21748
21750
21752
21754
21756
21758
21760
21762
21764
21766
10884
10885
10886
10887
10888
10889
10890
10891
10892
10893
10894
10895
10896
10897
10898
10899
10900
10901
10902
10903
10904
10905
10906
10907
10908
10909
10910
10911
10912
10913
10914
10915
10916
10917
10918
10919
10920
10921
10922
10923
10924
10925
10926
10927
10928
10929
10930
10931
10932
10933
10934
10935
10936
10937
10938
10939
10940
10941
10942
10943
10944
10945
10946
10947
10948
10949
10950
10951
10952
10953
10954
10955
10956
10957
10958
10959
10960
10961
10962
10963
10964
10965
10966
10967
10968
10969
10970
10971
10972
10973
10974
10975
10976
10977
10978
10979
10980
10981
10982
10983
10984
10985
10986
10987
10988
10989
10990
10991
10992
10993
10994
10995
10996
10997
10998
10999
11000
11001
11002
11003
11004
11005
11006
11007
11008
11009
11010
11011
11012
11013
11014
11015
11016
11017
11018
11019
11020
11021
11022
11023
11024
11025
11026
11027
11028
11029
11030
11031
11032
11033
11034
11035
11036
11037
11038
11039
11040
11041
11042
11043
11044
11045
11046
11047
11048
11049
11050
11051
11052
11053
11054
11055
11056
11057
11058
11059
11060
11061
11062
11063
11064
11065
11066
11067
11068
11069
11070
11071
11072
11073
11074
11075
11076
11077
11078
11079
11080
11081
11082
11083
11084
11085
11086
11087
11088
11089
11090
11091
11092
11093
11094
11095
11096
11097
11098
11099
11100
11101
11102
11103
11104
11105
11106
11107
11108
11109
11110
11111
11112
11113
11114
11115
11116
11117
11118
11119
11120
11121
11122
11123
11124
11125
11126
11127
11128
11129
11130
11131
11132
11133
11134
11135
11136
11137
11138
11139
11140
11141
11142
11143
11144
11145
11146
11147
11148
11149
11150
11151
11152
11153
11154
11155
11156
11157
11158
11159
11160
11161
11162
11163
11164
11165
11166
11167
11168
11169
11170
11171
11172
11173
11174
11175
11176
11177
11178
11179
11180
11181
11182
11183
11184
11185
11186
11187
11188
11189
11190
11191
11192
11193
11194
11195
11196
11197
11198
11199
11200
11201
11202
11203
11204
11205
11206
11207
11208
11209
11210
11211
11212
11213
11214
11215
11216
11217
11218
11219
11220
11221
11222
11223
11224
11225
11226
11227
11228
11229
11230
11231
11232
11233
11234
11235
11236
11237
11238
11239
11240
11241
11242
11243
11244
11245
11246
11247
11248
11249
11250
11251
11252
11253
11254
11255
11256
11257
11258
11259
11260
11261
11262
11263
11264
11265
11266
11267
11268
11269
11270
11271
11272
11273
11274
11275
11276
11277
11278
11279
11280
11281
11282
11283
11284
11285
11286
11287
11288
11289
11290
11291
11292
11293
11294
11295
11296
11297
11298
11299
11300
11301
11302
11303
11304
11305
11306
11307
11308
11309
11310
11311
11312
11313
11314
11315
11316
11317
11318
11319
11320
11321
11322
11323
11324
11325
11326
11327
11328
11329
11330
11331
11332
11333
11334
11335
11336
11337
11338
11339
11340
11341
11342
11343
11344
11345
11346
11347
11348
11349
11350
11351
11352
11353
11354
11355
11356
11357
11358
11359
11360
11361
11362
11363
11364
11365
11366
11367
11368
11369
11370
11371
11372
11373
11374
11375
11376
11377
11378
11379
11380
11381
11382
11383
11384
11385
11386
11387
11388
11389
11390
11391
11392
11393
11394
11395
11396
11397
11398
11399
11400
11401
11402
11403
11404
11405
11406
11407
11408
11409
11410
11411
11412
11413
11414
11415
11416
11417
11418
11419
11420
11421
11422
11423
11424
11425
11426
11427
11428
11429
11430
11431
11432
11433
11434
11435
11436
11437
11438
11439
11440
11441
11442
11443
11444
11445
11446
11447
11448
11449
11450
11451
11452
11453
11454
11455
11456
11457
11458
11459
11460
11461
11462
11463
11464
11465
11466
11467
11468
11469
11470
11471
11472
11473
11474
11475
11476
11477
11478
11479
11480
11481
11482
11483
11484
11485
11486
11487
11488
11489
11490
11491
11492
11493
11494
11495
11496
11497
11498
11499
11500
11501
11502
11503
11504
11505
11506
11507
11508
11509
11510
11511
11512
11513
11514
11515
11516
11517
11518
11519
11520
11521
11522
11523
11524
11525
11526
11527
11528
11529
11530
11531
11532
11533
11534
11535
11536
11537
11538
11539
11540
11541
11542
11543
11544
11545
11546
11547
11548
11549
11550
11551
11552
11553
11554
11555
11556
11557
11558
11559
11560
11561
11562
11563
11564
11565
11566
11567
11568
11569
11570
11571
11572
11573
11574
11575
11576
11577
11578
11579
11580
11581
11582
11583
11584
11585
11586
11587
11588
11589
11590
11591
11592
11593
11594
11595
11596
11597
11598
11599
11600
11601
11602
11603
11604
11605
11606
11607
11608
11609
11610
11611
11612
11613
11614
11615
11616
11617
11618
11619
11620
11621
11622
11623
11624
11625
11626
11627
11628
11629
11630
11631
11632
11633
11634
11635
11636
11637
11638
11639
11640
11641
11642
11643
11644
11645
11646
11647
11648
11649
11650
11651
11652
11653
11654
11655
11656
11657
11658
11659
11660
11661
11662
11663
11664
11665
11666
11667
11668
11669
11670
11671
11672
11673
11674
11675
11676
11677
11678
11679
11680
11681
11682
11683
11684
11685
11686
11687
11688
11689
11690
11691
11692
11693
11694
11695
11696
11697
11698
11699
11700
11701
11702
11703
11704
11705
11706
11707
11708
11709
11710
11711
11712
11713
11714
11715
11716
11717
11718
11719
11720
11721
11722
11723
11724
11725
11726
11727
11728
11729
11730
11731
11732
11733
11734
11735
11736
11737
11738
11739
11740
11741
11742
11743
11744
11745
11746
11747
11748
11749
11750
11751
11752
11753
11754
11755
11756
11757
11758
11759
11760
11761
11762
11763
11764
11765
11766
11767
11768
11769
11770
11771
11772
11773
11774
11775
11776
11777
11778
11779
11780
11781
11782
11783
11784
11785
11786
11787
11788
11789
11790
11791
11792
11793
11794
11795
11796
11797
11798
11799
11800
11801
11802
11803
11804
11805
11806
11807
11808
11809
11810
11811
11812
11813
11814
11815
11816
11817
11818
11819
11820
11821
11822
11823
11824
11825
11826
11827
11828
11829
11830
11831
11832
11833
11834
11835
11836
11837
11838
11839
11840
11841
11842
11843
11844
11845
11846
11847
11848
11849
11850
11851
11852
11853
11854
11855
11856
11857
11858
11859
11860
11861
11862
11863
11864
11865
11866
11867
11868
11869
11870
11871
11872
11873
11874
11875
11876
11877
11878
11879
11880
11881
11882
11883
11884
11885
11886
11887
11888
11889
11890
11891
11892
11893
11894
11895
11896
11897
11898
11899
11900
11901
11902
11903
11904
11905
11906
11907
11908
11909
11910
11911
11912
11913
11914
11915
11916
11917
11918
11919
11920
11921
11922
11923
11924
11925
11926
11927
11928
11929
11930
11931
11932
11933
11934
11935
11936
11937
11938
11939
11940
11941
11942
11943
11944
11945
11946
11947
11948
11949
11950
11951
11952
11953
11954
11955
11956
11957
11958
11959
11960
11961
11962
11963
11964
11965
11966
11967
11968
11969
11970
11971
11972
11973
11974
11975
11976
11977
11978
11979
11980
11981
11982
11983
11984
11985
11986
11987
11988
11989
11990
11991
11992
11993
11994
11995
11996
11997
11998
11999
12000
12001
12002
12003
12004
12005
12006
12007
12008
12009
12010
12011
12012
12013
12014
12015
12016
12017
12018
12019
12020
12021
12022
12023
12024
12025
12026
12027
12028
12029
12030
12031
12032
12033
12034
12035
12036
12037
12038
12039
12040
12041
12042
12043
12044
12045
12046
12047
12048
12049
12050
12051
12052
12053
12054
12055
12056
12057
12058
12059
12060
12061
12062
12063
12064
12065
12066
12067
12068
12069
12070
12071
12072
12073
12074
12075
12076
12077
12078
12079
12080
12081
12082
12083
12084
12085
12086
12087
12088
12089
12090
12091
12092
12093
12094
12095
12096
12097
12098
12099
12100
12101
12102
12103
12104
12105
12106
12107
12108
12109
12110
12111
12112
12113
12114
12115
12116
12117
12118
12119
12120
12121
12122
12123
12124
12125
12126
12127
12128
12129
12130
12131
12132
12133
12134
12135
12136
12137
12138
12139
12140
12141
12142
12143
12144
12145
12146
12147
12148
12149
12150
12151
12152
12153
12154
12155
12156
12157
12158
12159
12160
12161
12162
12163
12164
12165
12166
12167
12168
12169
12170
12171
12172
12173
12174
12175
12176
12177
12178
12179
12180
12181
12182
12183
12184
12185
12186
12187
12188
12189
12190
12191
12192
12193
12194
12195
12196
12197
12198
12199
12200
12201
12202
12203
12204
12205
12206
12207
12208
12209
12210
12211
12212
12213
12214
12215
12216
12217
12218
12219
12220
12221
12222
12223
12224
12225
12226
12227
12228
12229
12230
12231
12232
12233
12234
12235
12236
12237
12238
12239
12240
12241
12242
12243
12244
12245
12246
12247
12248
12249
12250
12251
12252
12253
12254
12255
12256
12257
12258
12259
12260
12261
12262
12263
12264
12265
12266
12267
12268
12269
12270
12271
12272
12273
12274
12275
12276
12277
12278
12279
12280
12281
12282
12283
12284
12285
12286
12287
12288
12289
12290
12291
12292
12293
12294
12295
12296
12297
12298
12299
12300
12301
12302
12303
12304
12305
12306
12307
12308
12309
12310
12311
12312
12313
12314
12315
12316
12317
12318
12319
12320
12321
12322
12323
12324
12325
12326
12327
12328
12329
12330
12331
12332
12333
12334
12335
12336
12337
12338
12339
12340
12341
12342
12343
12344
12345
12346
12347
12348
12349
12350
12351
12352
12353
12354
12355
12356
12357
12358
12359
12360
12361
12362
12363
12364
12365
12366
12367
12368
12369
12370
12371
12372
12373
12374
12375
12376
12377
12378
12379
12380
12381
12382
12383
12384
12385
12386
12387
12388
12389
12390
12391
12392
12393
12394
12395
12396
12397
12398
12399
12400
12401
12402
12403
12404
12405
12406
12407
12408
12409
12410
12411
12412
12413
12414
12415
12416
12417
12418
12419
12420
12421
12422
12423
12424
12425
12426
12427
12428
12429
12430
12431
12432
12433
12434
12435
12436
12437
12438
12439
12440
12441
12442
12443
12444
12445
12446
12447
12448
12449
12450
12451
12452
12453
12454
12455
12456
12457
12458
12459
12460
12461
12462
12463
12464
12465
12466
12467
12468
12469
12470
12471
12472
12473
12474
12475
12476
12477
12478
12479
12480
12481
12482
12483
12484
12485
12486
12487
12488
12489
12490
12491
12492
12493
12494
12495
12496
12497
12498
12499
12500
12501
12502
12503
12504
12505
12506
12507
12508
12509
12510
12511
12512
12513
12514
12515
12516
12517
12518
12519
12520
12521
12522
12523
12524
12525
12526
12527
12528
12529
12530
12531
12532
12533
12534
12535
12536
12537
12538
12539
12540
12541
12542
12543
12544
12545
12546
12547
12548
12549
12550
12551
12552
12553
12554
12555
12556
12557
12558
12559
12560
12561
12562
12563
12564
12565
12566
12567
12568
12569
12570
12571
12572
12573
12574
12575
12576
12577
12578
12579
12580
12581
12582
12583
12584
12585
12586
12587
12588
12589
12590
12591
12592
12593
12594
12595
12596
12597
12598
12599
12600
12601
12602
12603
12604
12605
12606
12607
12608
12609
12610
12611
12612
12613
12614
12615
12616
12617
12618
12619
12620
12621
12622
12623
12624
12625
12626
12627
12628
12629
12630
12631
12632
12633
12634
12635
12636
12637
12638
12639
12640
12641
12642
12643
12644
12645
12646
12647
12648
12649
12650
12651
12652
12653
12654
12655
12656
12657
12658
12659
12660
12661
12662
12663
12664
12665
12666
12667
12668
12669
12670
12671
12672
12673
12674
12675
12676
12677
12678
12679
12680
12681
12682
12683
12684
12685
12686
12687
12688
12689
12690
12691
12692
12693
12694
12695
12696
12697
12698
12699
12700
12701
12702
12703
12704
12705
12706
12707
12708
12709
12710
12711
12712
12713
12714
12715
12716
12717
12718
12719
12720
12721
12722
12723
12724
12725
12726
12727
12728
12729
12730
12731
12732
12733
12734
12735
12736
12737
12738
12739
12740
12741
12742
12743
12744
12745
12746
12747
12748
12749
12750
12751
12752
12753
12754
12755
12756
12757
12758
12759
12760
12761
12762
12763
12764
12765
12766
12767
12768
12769
12770
12771
12772
12773
12774
12775
12776
12777
12778
12779
12780
12781
12782
12783
12784
12785
12786
12787
12788
12789
12790
12791
12792
12793
12794
12795
12796
12797
12798
12799
12800
12801
12802
12803
12804
12805
12806
12807
12808
12809
12810
12811
12812
12813
12814
12815
12816
12817
12818
12819
12820
12821
12822
12823
12824
12825
12826
12827
12828
12829
12830
12831
12832
12833
12834
12835
12836
12837
12838
12839
12840
12841
12842
12843
12844
12845
12846
12847
12848
12849
12850
12851
12852
12853
12854
12855
12856
12857
12858
12859
12860
12861
12862
12863
12864
12865
12866
12867
12868
12869
12870
12871
12872
12873
12874
12875
12876
12877
12878
12879
12880
12881
12882
12883
12884
12885
12886
12887
12888
12889
12890
12891
12892
12893
12894
12895
12896
12897
12898
12899
12900
12901
12902
12903
12904
12905
12906
12907
12908
12909
12910
12911
12912
12913
12914
12915
12916
12917
12918
12919
12920
12921
12922
12923
12924
12925
12926
12927
12928
12929
12930
12931
12932
12933
12934
12935
12936
12937
12938
12939
12940
12941
12942
12943
12944
12945
12946
12947
12948
12949
12950
12951
12952
12953
12954
12955
12956
12957
12958
12959
12960
12961
12962
12963
12964
12965
12966
12967
12968
12969
12970
12971
12972
12973
12974
12975
12976
12977
12978
12979
12980
12981
12982
12983
12984
12985
12986
12987
12988
12989
12990
12991
12992
12993
12994
12995
12996
12997
12998
12999
13000
13001
13002
13003
13004
13005
13006
13007
13008
13009
13010
13011
13012
13013
13014
13015
13016
13017
13018
13019
13020
13021
13022
13023
13024
13025
13026
13027
13028
13029
13030
13031
13032
13033
13034
13035
13036
13037
13038
13039
13040
13041
13042
13043
13044
13045
13046
13047
13048
13049
13050
13051
13052
13053
13054
13055
13056
13057
13058
13059
13060
13061
13062
13063
13064
13065
13066
13067
13068
13069
13070
13071
13072
13073
13074
13075
13076
13077
13078
13079
13080
13081
13082
13083
13084
13085
13086
13087
13088
13089
13090
13091
13092
13093
13094
13095
13096
13097
13098
13099
13100
13101
13102
13103
13104
13105
13106
13107
13108
13109
13110
13111
13112
13113
13114
13115
13116
13117
13118
13119
13120
13121
13122
13123
13124
13125
13126
13127
13128
13129
13130
13131
13132
13133
13134
13135
13136
13137
13138
13139
13140
13141
13142
13143
13144
13145
13146
13147
13148
13149
13150
13151
13152
13153
13154
13155
13156
13157
13158
13159
13160
13161
13162
13163
13164
13165
13166
13167
13168
13169
13170
13171
13172
13173
13174
13175
13176
13177
13178
13179
13180
13181
13182
13183
13184
13185
13186
13187
13188
13189
13190
13191
13192
13193
13194
13195
13196
13197
13198
13199
13200
13201
13202
13203
13204
13205
13206
13207
13208
13209
13210
13211
13212
13213
13214
13215
13216
13217
13218
13219
13220
13221
13222
13223
13224
13225
13226
13227
13228
13229
13230
13231
13232
13233
13234
13235
13236
13237
13238
13239
13240
13241
13242
13243
13244
13245
13246
13247
13248
13249
13250
13251
13252
13253
13254
13255
13256
13257
13258
13259
13260
13261
13262
13263
13264
13265
13266
13267
13268
13269
13270
13271
13272
13273
13274
13275
13276
13277
13278
13279
13280
13281
13282
13283
13284
13285
13286
13287
13288
13289
13290
13291
13292
13293
13294
13295
13296
13297
13298
13299
13300
13301
13302
13303
13304
13305
13306
13307
13308
13309
13310
13311
13312
13313
13314
13315
13316
13317
13318
13319
13320
13321
13322
13323
13324
13325
13326
13327
13328
13329
13330
13331
13332
13333
13334
13335
13336
13337
13338
13339
13340
13341
13342
13343
13344
13345
13346
13347
13348
13349
13350
13351
13352
13353
13354
13355
13356
13357
13358
13359
13360
13361
13362
13363
13364
13365
13366
13367
13368
13369
13370
13371
13372
13373
13374
13375
13376
13377
13378
13379
13380
13381
13382
13383
13384
13385
13386
13387
13388
13389
13390
13391
13392
13393
13394
13395
13396
13397
13398
13399
13400
13401
13402
13403
13404
13405
13406
13407
13408
13409
13410
13411
13412
13413
13414
13415
13416
13417
13418
13419
13420
13421
13422
13423
13424
13425
13426
13427
13428
13429
13430
13431
13432
13433
13434
13435
13436
13437
13438
13439
13440
13441
13442
13443
13444
13445
13446
13447
13448
13449
13450
13451
13452
13453
13454
13455
13456
13457
13458
13459
13460
13461
13462
13463
13464
13465
13466
13467
13468
13469
13470
13471
13472
13473
13474
13475
13476
13477
13478
13479
13480
13481
13482
13483
13484
13485
13486
13487
13488
13489
13490
13491
13492
13493
13494
13495
13496
13497
13498
13499
13500
13501
13502
13503
13504
13505
13506
13507
13508
13509
13510
13511
13512
13513
13514
13515
13516
13517
13518
13519
13520
13521
13522
13523
13524
13525
13526
13527
13528
13529
13530
13531
13532
13533
13534
13535
13536
13537
13538
13539
13540
13541
13542
13543
13544
13545
13546
13547
13548
13549
13550
13551
13552
13553
13554
13555
13556
13557
13558
13559
13560
13561
13562
13563
13564
13565
13566
13567
13568
13569
13570
13571
13572
13573
13574
13575
13576
13577
13578
13579
13580
13581
13582
13583
13584
13585
13586
13587
13588
13589
13590
13591
13592
13593
13594
13595
13596
13597
13598
13599
13600
13601
13602
13603
13604
13605
13606
13607
13608
13609
13610
13611
13612
13613
13614
13615
13616
13617
13618
13619
13620
13621
13622
13623
13624
13625
13626
13627
13628
13629
13630
13631
13632
13633
13634
13635
13636
13637
13638
13639
13640
13641
13642
13643
13644
13645
13646
13647
13648
13649
13650
13651
13652
13653
13654
13655
13656
13657
13658
13659
13660
13661
13662
13663
13664
13665
13666
13667
13668
13669
13670
13671
13672
13673
13674
13675
13676
13677
13678
13679
13680
13681
13682
13683
13684
13685
13686
13687
13688
13689
13690
13691
13692
13693
13694
13695
13696
13697
13698
13699
13700
13701
13702
13703
13704
13705
13706
13707
13708
13709
13710
13711
13712
13713
13714
13715
13716
13717
13718
13719
13720
13721
13722
13723
13724
13725
13726
13727
13728
13729
13730
13731
13732
13733
13734
13735
13736
13737
13738
13739
13740
13741
13742
13743
13744
13745
13746
13747
13748
13749
13750
13751
13752
13753
13754
13755
13756
13757
13758
13759
13760
13761
13762
13763
13764
13765
13766
13767
13768
13769
13770
13771
13772
13773
13774
13775
13776
13777
13778
13779
13780
13781
13782
13783
13784
13785
13786
13787
13788
13789
13790
13791
13792
13793
13794
13795
13796
13797
13798
13799
13800
13801
13802
13803
13804
13805
13806
13807
13808
13809
13810
13811
13812
13813
13814
13815
13816
13817
13818
13819
13820
13821
13822
13823
13824
13825
13826
13827
13828
13829
13830
13831
13832
13833
13834
13835
13836
13837
13838
13839
13840
13841
13842
13843
13844
13845
13846
13847
13848
13849
13850
13851
13852
13853
13854
13855
13856
13857
13858
13859
13860
13861
13862
13863
13864
13865
13866
13867
13868
13869
13870
13871
13872
13873
13874
13875
13876
13877
13878
13879
13880
13881
13882
13883
13884
13885
13886
13887
13888
13889
13890
13891
13892
13893
13894
13895
13896
13897
13898
13899
13900
13901
13902
13903
13904
13905
13906
13907
13908
13909
13910
13911
13912
13913
13914
13915
13916
13917
13918
13919
13920
13921
13922
13923
13924
13925
13926
13927
13928
13929
13930
13931
13932
13933
13934
13935
13936
13937
13938
13939
13940
13941
13942
13943
13944
13945
13946
13947
13948
13949
13950
13951
13952
13953
13954
13955
13956
13957
13958
13959
13960
13961
13962
13963
13964
13965
13966
13967
13968
13969
13970
13971
13972
13973
13974
13975
13976
13977
13978
13979
13980
13981
13982
13983
13984
13985
13986
13987
13988
13989
13990
13991
13992
13993
13994
13995
13996
13997
13998
13999
14000
14001
14002
14003
14004
14005
14006
14007
14008
14009
14010
14011
14012
14013
14014
14015
14016
14017
14018
14019
14020
14021
14022
14023
14024
14025
14026
14027
14028
14029
14030
14031
14032
14033
14034
14035
14036
14037
14038
14039
14040
14041
14042
14043
14044
14045
14046
14047
14048
14049
14050
14051
14052
14053
14054
14055
14056
14057
14058
14059
14060
14061
14062
14063
14064
14065
14066
14067
14068
14069
14070
14071
14072
14073
14074
14075
14076
14077
14078
14079
14080
14081
14082
14083
14084
14085
14086
14087
14088
14089
14090
14091
14092
14093
14094
14095
14096
14097
14098
14099
14100
14101
14102
14103
14104
14105
14106
14107
14108
14109
14110
14111
14112
14113
14114
14115
14116
14117
14118
14119
14120
14121
14122
14123
14124
14125
14126
14127
14128
14129
14130
14131
14132
14133
14134
14135
14136
14137
14138
14139
14140
14141
14142
14143
14144
14145
14146
14147
14148
14149
14150
14151
14152
14153
14154
14155
14156
14157
14158
14159
14160
14161
14162
14163
14164
14165
14166
14167
14168
14169
14170
14171
14172
14173
14174
14175
14176
14177
14178
14179
14180
14181
14182
14183
14184
14185
14186
14187
14188
14189
14190
14191
14192
14193
14194
14195
14196
14197
14198
14199
14200
14201
14202
14203
14204
14205
14206
14207
14208
14209
14210
14211
14212
14213
14214
14215
14216
14217
14218
14219
14220
14221
14222
14223
14224
14225
14226
14227
14228
14229
14230
14231
14232
14233
14234
14235
14236
14237
14238
14239
14240
14241
14242
14243
14244
14245
14246
14247
14248
14249
14250
14251
14252
14253
14254
14255
14256
14257
14258
14259
14260
14261
14262
14263
14264
14265
14266
14267
14268
14269
14270
14271
14272
14273
14274
14275
14276
14277
14278
14279
14280
14281
14282
14283
14284
14285
14286
14287
14288
14289
14290
14291
14292
14293
14294
14295
14296
14297
14298
14299
14300
14301
14302
14303
14304
14305
14306
14307
14308
14309
14310
14311
14312
14313
14314
14315
14316
14317
14318
14319
14320
14321
14322
14323
14324
14325
14326
14327
14328
14329
14330
14331
14332
14333
14334
14335
14336
14337
14338
14339
14340
14341
14342
14343
14344
14345
14346
14347
14348
14349
14350
14351
14352
14353
14354
14355
14356
14357
14358
14359
14360
14361
14362
14363
14364
14365
14366
14367
14368
14369
14370
14371
14372
14373
14374
14375
14376
14377
14378
14379
14380
14381
14382
14383
14384
14385
14386
14387
14388
14389
14390
14391
14392
14393
14394
14395
14396
14397
14398
14399
14400
14401
14402
14403
14404
14405
14406
14407
14408
14409
14410
14411
14412
14413
14414
14415
14416
14417
14418
14419
14420
14421
14422
14423
14424
14425
14426
14427
14428
14429
14430
14431
14432
14433
14434
14435
14436
14437
14438
14439
14440
14441
14442
14443
14444
14445
14446
14447
14448
14449
14450
14451
14452
14453
14454
14455
14456
14457
14458
14459
14460
14461
14462
14463
14464
14465
14466
14467
14468
14469
14470
14471
14472
14473
14474
14475
14476
14477
14478
14479
14480
14481
14482
14483
14484
14485
14486
14487
14488
14489
14490
14491
14492
14493
14494
14495
14496
14497
14498
14499
14500
14501
14502
14503
14504
14505
14506
14507
14508
14509
14510
14511
14512
14513
14514
14515
14516
14517
14518
14519
14520
14521
14522
14523
14524
14525
14526
14527
14528
14529
14530
14531
14532
14533
14534
14535
14536
14537
14538
14539
14540
14541
14542
14543
14544
14545
14546
14547
14548
14549
14550
14551
14552
14553
14554
14555
14556
14557
14558
14559
14560
14561
14562
14563
14564
14565
14566
14567
14568
14569
14570
14571
14572
14573
14574
14575
14576
14577
14578
14579
14580
14581
14582
14583
14584
14585
14586
14587
14588
14589
14590
14591
14592
14593
14594
14595
14596
14597
14598
14599
14600
14601
14602
14603
14604
14605
14606
14607
14608
14609
14610
14611
14612
14613
14614
14615
14616
14617
14618
14619
14620
14621
14622
14623
14624
14625
14626
14627
14628
14629
14630
14631
14632
14633
14634
14635
14636
14637
14638
14639
14640
14641
14642
14643
14644
14645
14646
14647
14648
14649
14650
14651
14652
14653
14654
14655
14656
14657
14658
14659
14660
14661
14662
14663
14664
14665
14666
14667
14668
14669
14670
14671
14672
14673
14674
14675
14676
14677
14678
14679
14680
14681
14682
14683
14684
14685
14686
14687
14688
14689
14690
14691
14692
14693
14694
14695
14696
14697
14698
14699
14700
14701
14702
14703
14704
14705
14706
14707
14708
14709
14710
14711
14712
14713
14714
14715
14716
14717
14718
14719
14720
14721
14722
14723
14724
14725
14726
14727
14728
14729
14730
14731
14732
14733
14734
14735
14736
14737
14738
14739
14740
14741
14742
14743
14744
14745
14746
14747
14748
14749
14750
14751
14752
14753
14754
14755
14756
14757
14758
14759
14760
14761
14762
14763
14764
14765
14766
14767
14768
14769
14770
14771
14772
14773
14774
14775
14776
14777
14778
14779
14780
14781
14782
14783
14784
14785
14786
14787
14788
14789
14790
14791
14792
14793
14794
14795
14796
14797
14798
14799
14800
14801
14802
14803
14804
14805
14806
14807
14808
14809
14810
14811
14812
14813
14814
14815
14816
14817
14818
14819
14820
14821
14822
14823
14824
14825
14826
14827
14828
14829
14830
14831
14832
14833
14834
14835
14836
14837
14838
14839
14840
14841
14842
14843
14844
14845
14846
14847
14848
14849
14850
14851
14852
14853
14854
14855
14856
14857
14858
14859
14860
14861
14862
14863
14864
14865
14866
14867
14868
14869
14870
14871
14872
14873
14874
14875
14876
14877
14878
14879
14880
14881
14882
14883
14884
14885
14886
14887
14888
14889
14890
14891
14892
14893
14894
14895
14896
14897
14898
14899
14900
14901
14902
14903
14904
14905
14906
14907
14908
14909
14910
14911
14912
14913
14914
14915
14916
14917
14918
14919
14920
14921
14922
14923
14924
14925
14926
14927
14928
14929
14930
14931
14932
14933
14934
14935
14936
14937
14938
14939
14940
14941
14942
14943
14944
14945
14946
14947
14948
14949
14950
14951
14952
14953
14954
14955
14956
14957
14958
14959
14960
14961
14962
14963
14964
14965
14966
14967
14968
14969
14970
14971
14972
14973
14974
14975
14976
14977
14978
14979
14980
14981
14982
14983
14984
14985
14986
14987
14988
14989
14990
14991
14992
14993
14994
14995
14996
14997
14998
14999
15000
15001
15002
15003
15004
15005
15006
15007
15008
15009
15010
15011
15012
15013
15014
15015
15016
15017
15018
15019
15020
15021
15022
15023
15024
15025
15026
15027
15028
15029
15030
15031
15032
15033
15034
15035
15036
15037
15038
15039
15040
15041
15042
15043
15044
15045
15046
15047
15048
15049
15050
15051
15052
15053
15054
15055
15056
15057
15058
15059
15060
15061
15062
15063
15064
15065
15066
15067
15068
15069
15070
15071
15072
15073
15074
15075
15076
15077
15078
15079
15080
15081
15082
15083
15084
15085
15086
15087
15088
15089
15090
15091
15092
15093
15094
15095
15096
15097
15098
15099
15100
15101
15102
15103
15104
15105
15106
15107
15108
15109
15110
15111
15112
15113
15114
15115
15116
15117
15118
15119
15120
15121
15122
15123
15124
15125
15126
15127
15128
15129
15130
15131
15132
15133
15134
15135
15136
15137
15138
15139
15140
15141
15142
15143
15144
15145
15146
15147
15148
15149
15150
15151
15152
15153
15154
15155
15156
15157
15158
15159
15160
15161
15162
15163
15164
15165
15166
15167
15168
15169
15170
15171
15172
15173
15174
15175
15176
15177
15178
15179
15180
15181
15182
15183
15184
15185
15186
15187
15188
15189
15190
15191
15192
15193
15194
15195
15196
15197
15198
15199
15200
15201
15202
15203
15204
15205
15206
15207
15208
15209
15210
15211
15212
15213
15214
15215
15216
15217
15218
15219
15220
15221
15222
15223
15224
15225
15226
15227
15228
15229
15230
15231
15232
15233
15234
15235
15236
15237
15238
15239
15240
15241
15242
15243
15244
15245
15246
15247
15248
15249
15250
15251
15252
15253
15254
15255
15256
15257
15258
15259
15260
15261
15262
15263
15264
15265
15266
15267
15268
15269
15270
15271
15272
15273
15274
15275
15276
15277
15278
15279
15280
15281
15282
15283
15284
15285
15286
15287
15288
15289
15290
15291
15292
15293
15294
15295
15296
15297
15298
15299
15300
15301
15302
15303
15304
15305
15306
15307
15308
15309
15310
15311
15312
15313
15314
15315
15316
15317
15318
15319
15320
15321
15322
15323
15324
15325
15326
15327
15328
15329
15330
15331
15332
15333
15334
15335
15336
15337
15338
15339
15340
15341
15342
15343
15344
15345
15346
15347
15348
15349
15350
15351
15352
15353
15354
15355
15356
15357
15358
15359
15360
15361
15362
15363
15364
15365
15366
15367
15368
15369
15370
15371
15372
15373
15374
15375
15376
15377
15378
15379
15380
15381
15382
15383
15384
15385
15386
15387
15388
15389
15390
15391
15392
15393
15394
15395
15396
15397
15398
15399
15400
15401
15402
15403
15404
15405
15406
15407
15408
15409
15410
15411
15412
15413
15414
15415
15416
15417
15418
15419
15420
15421
15422
15423
15424
15425
15426
15427
15428
15429
15430
15431
15432
15433
15434
15435
15436
15437
15438
15439
15440
15441
15442
15443
15444
15445
15446
15447
15448
15449
15450
15451
15452
15453
15454
15455
15456
15457
15458
15459
15460
15461
15462
15463
15464
15465
15466
15467
15468
15469
15470
15471
15472
15473
15474
15475
15476
15477
15478
15479
15480
15481
15482
15483
15484
15485
15486
15487
15488
15489
15490
15491
15492
15493
15494
15495
15496
15497
15498
15499
15500
15501
15502
15503
15504
15505
15506
15507
15508
15509
15510
15511
15512
15513
15514
15515
15516
15517
15518
15519
15520
15521
15522
15523
15524
15525
15526
15527
15528
15529
15530
15531
15532
15533
15534
15535
15536
15537
15538
15539
15540
15541
15542
15543
15544
15545
15546
15547
15548
15549
15550
15551
15552
15553
15554
15555
15556
15557
15558
15559
15560
15561
15562
15563
15564
15565
15566
15567
15568
15569
15570
15571
15572
15573
15574
15575
15576
15577
15578
15579
15580
15581
15582
15583
15584
15585
15586
15587
15588
15589
15590
15591
15592
15593
15594
15595
15596
15597
15598
15599
15600
15601
15602
15603
15604
15605
15606
15607
15608
15609
15610
15611
15612
15613
15614
15615
15616
15617
15618
15619
15620
15621
15622
15623
15624
15625
15626
15627
15628
15629
15630
15631
15632
15633
15634
15635
15636
15637
15638
15639
15640
15641
15642
15643
15644
15645
15646
15647
15648
15649
15650
15651
15652
15653
15654
15655
15656
15657
15658
15659
15660
15661
15662
15663
15664
15665
15666
15667
15668
15669
15670
15671
15672
15673
15674
15675
15676
15677
15678
15679
15680
15681
15682
15683
15684
15685
15686
15687
15688
15689
15690
15691
15692
15693
15694
15695
15696
15697
15698
15699
15700
15701
15702
15703
15704
15705
15706
15707
15708
15709
15710
15711
15712
15713
15714
15715
15716
15717
15718
15719
15720
15721
15722
15723
15724
15725
15726
15727
15728
15729
15730
15731
15732
15733
15734
15735
15736
15737
15738
15739
15740
15741
15742
15743
15744
15745
15746
15747
15748
15749
15750
15751
15752
15753
15754
15755
15756
15757
15758
15759
15760
15761
15762
15763
15764
15765
15766
15767
15768
15769
15770
15771
15772
15773
15774
15775
15776
15777
15778
15779
15780
15781
15782
15783
15784
15785
15786
15787
15788
15789
15790
15791
15792
15793
15794
15795
15796
15797
15798
15799
15800
15801
15802
15803
15804
15805
15806
15807
15808
15809
15810
15811
15812
15813
15814
15815
15816
15817
15818
15819
15820
15821
15822
15823
15824
15825
15826
15827
15828
15829
15830
15831
15832
15833
15834
15835
15836
15837
15838
15839
15840
15841
15842
15843
15844
15845
15846
15847
15848
15849
15850
15851
15852
15853
15854
15855
15856
15857
15858
15859
15860
15861
15862
15863
15864
15865
15866
15867
15868
15869
15870
15871
15872
15873
15874
15875
15876
15877
15878
15879
15880
15881
15882
15883
15884
15885
15886
15887
15888
15889
15890
15891
15892
15893
15894
15895
15896
15897
15898
15899
15900
15901
15902
15903
15904
15905
15906
15907
15908
15909
15910
15911
15912
15913
15914
15915
15916
15917
15918
15919
15920
15921
15922
15923
15924
15925
15926
15927
15928
15929
15930
15931
15932
15933
15934
15935
15936
15937
15938
15939
15940
15941
15942
15943
15944
15945
15946
15947
15948
15949
15950
15951
15952
15953
15954
15955
15956
15957
15958
15959
15960
15961
15962
15963
15964
15965
15966
15967
15968
15969
15970
15971
15972
15973
15974
15975
15976
15977
15978
15979
15980
15981
15982
15983
15984
15985
15986
15987
15988
15989
15990
15991
15992
15993
15994
15995
15996
15997
15998
15999
16000
16001
16002
16003
16004
16005
16006
16007
16008
16009
16010
16011
16012
16013
16014
16015
16016
16017
16018
16019
16020
16021
16022
16023
16024
16025
16026
16027
16028
16029
16030
16031
16032
16033
16034
16035
16036
16037
16038
16039
16040
16041
16042
16043
16044
16045
16046
16047
16048
16049
16050
16051
16052
16053
16054
16055
16056
16057
16058
16059
16060
16061
16062
16063
16064
16065
16066
16067
16068
16069
16070
16071
16072
16073
16074
16075
16076
16077
16078
16079
16080
16081
16082
16083
16084
16085
16086
16087
16088
16089
16090
16091
16092
16093
16094
16095
16096
16097
16098
16099
16100
16101
16102
16103
16104
16105
16106
16107
16108
16109
16110
16111
16112
16113
16114
16115
16116
16117
16118
16119
16120
16121
16122
16123
16124
16125
16126
16127
16128
16129
16130
16131
16132
16133
16134
16135
16136
16137
16138
16139
16140
16141
16142
16143
16144
16145
16146
16147
16148
16149
16150
16151
16152
16153
16154
16155
16156
16157
16158
16159
16160
16161
16162
16163
16164
16165
16166
16167
16168
16169
16170
16171
16172
16173
16174
16175
16176
16177
16178
16179
16180
16181
16182
16183
16184
16185
16186
16187
16188
16189
16190
16191
16192
16193
16194
16195
16196
16197
16198
16199
16200
16201
16202
16203
16204
16205
16206
16207
16208
16209
16210
16211
16212
16213
16214
16215
16216
16217
16218
16219
16220
16221
16222
16223
16224
16225
16226
16227
16228
16229
16230
16231
16232
16233
16234
16235
16236
16237
16238
16239
16240
16241
16242
16243
16244
16245
16246
16247
16248
16249
16250
16251
16252
16253
16254
16255
16256
16257
16258
16259
16260
16261
16262
16263
16264
16265
16266
16267
16268
16269
16270
16271
16272
16273
16274
16275
16276
16277
16278
16279
16280
16281
16282
16283
16284
16285
16286
16287
16288
16289
16290
16291
16292
16293
16294
16295
16296
16297
16298
16299
16300
16301
16302
16303
16304
16305
16306
16307
16308
16309
16310
16311
16312
16313
16314
16315
16316
16317
16318
16319
16320
16321
16322
16323
16324
16325
16326
16327
16328
16329
16330
16331
16332
16333
16334
16335
16336
16337
16338
16339
16340
16341
16342
16343
16344
16345
16346
16347
16348
16349
16350
16351
16352
16353
16354
16355
16356
16357
16358
16359
16360
16361
16362
16363
16364
16365
16366
16367
16368
16369
16370
16371
16372
16373
16374
16375
16376
16377
16378
16379
16380
16381
16382
16383
16384
16385
16386
16387
16388
16389
16390
16391
16392
16393
16394
16395
16396
16397
16398
16399
16400
16401
16402
16403
16404
16405
16406
16407
16408
16409
16410
16411
16412
16413
16414
16415
16416
16417
16418
16419
16420
16421
16422
16423
16424
16425
16426
16427
16428
16429
16430
16431
16432
16433
16434
16435
16436
16437
16438
16439
16440
16441
16442
16443
16444
16445
16446
16447
16448
16449
16450
16451
16452
16453
16454
16455
16456
16457
16458
16459
16460
16461
16462
16463
16464
16465
16466
16467
16468
16469
16470
16471
16472
16473
16474
16475
16476
16477
16478
16479
16480
16481
16482
16483
16484
16485
16486
16487
16488
16489
16490
16491
16492
16493
16494
16495
16496
16497
16498
16499
16500
16501
16502
16503
16504
16505
16506
16507
16508
16509
16510
16511
16512
16513
16514
16515
16516
16517
16518
16519
16520
16521
16522
16523
16524
16525
16526
16527
16528
16529
16530
16531
16532
16533
16534
16535
16536
16537
16538
16539
16540
16541
16542
16543
16544
16545
16546
16547
16548
16549
16550
16551
16552
16553
16554
16555
16556
16557
16558
16559
16560
16561
16562
16563
16564
16565
16566
16567
16568
16569
16570
16571
16572
16573
16574
16575
16576
16577
16578
16579
16580
16581
16582
16583
16584
16585
16586
16587
16588
16589
16590
16591
16592
16593
16594
16595
16596
16597
16598
16599
16600
16601
16602
16603
16604
16605
16606
16607
16608
16609
16610
16611
16612
16613
16614
16615
16616
16617
16618
16619
16620
16621
16622
16623
16624
16625
16626
16627
16628
16629
16630
16631
16632
16633
16634
16635
16636
16637
16638
